# Matter power spectrum P(k) at redshift z=0
# for k=1.04206e-05 to 1.08688 h/Mpc,
# number of wavenumbers equal to 603
#    1:k (h/Mpc)              2:P (Mpc/h)^3        
       1.042057218184e-05       4.833536824491e+01 
       2.326967400489e-05       1.050301576187e+02 
       3.616373012072e-05       1.608006165913e+02 
       4.913726131589e-05       2.162187383067e+02 
       6.222535647458e-05       2.716139599477e+02 
       7.546398391687e-05       3.272355696191e+02 
       8.889031264419e-05       3.832982865616e+02 
       1.025430477450e-04       4.400009723075e+02 
       1.164627842470e-04       4.975362774784e+02 
       1.306923837342e-04       5.560965309799e+02 
       1.452773780572e-04       6.158777787257e+02 
       1.602664044030e-04       6.770830889637e+02 
       1.757116758265e-04       7.399251905951e+02 
       1.916694909804e-04       8.046291161402e+02 
       2.082007861489e-04       8.714346810422e+02 
       2.253717316435e-04       9.405987501970e+02 
       2.432543730071e-04       1.012397808297e+03 
       2.619273150716e-04       1.087130365483e+03 
       2.814764434712e-04       1.165119453767e+03 
       3.019956734005e-04       1.246715030097e+03 
       3.235877088531e-04       1.332296396117e+03 
       3.463647868986e-04       1.422274158370e+03 
       3.704493703696e-04       1.517092127930e+03 
       3.959747383888e-04       1.617228382015e+03 
       4.230854074651e-04       1.723195513786e+03 
       4.519372969266e-04       1.835539776807e+03 
       4.826975324993e-04       1.954838556960e+03 
       5.155437633163e-04       2.081695710385e+03 
       5.506628544687e-04       2.216734376072e+03 
       5.882488150288e-04       2.360586935174e+03 
       6.284998374308e-04       2.513881161511e+03 
       6.716143659670e-04       2.677223381382e+03 
       7.177861864082e-04       2.851177714095e+03 
       7.671986375448e-04       3.036243016755e+03 
       8.200181829124e-04       3.232827844197e+03 
       8.763877302120e-04       3.441225684159e+03 
       9.364202185264e-04       3.661592393356e+03 
       1.000193073614e-03       3.893927900529e+03 
       1.067744125783e-03       4.138065489683e+03 
       1.139069474593e-03       4.393667932772e+03 
       1.214123577175e-03       4.660235849092e+03 
       1.292821568500e-03       4.937121011347e+03 
       1.375043548476e-03       5.223531359847e+03 
       1.460640351075e-03       5.518594573812e+03 
       1.549440186683e-03       5.821393707278e+03 
       1.641255533869e-03       6.130955749831e+03 
       1.735889735687e-03       6.446297963740e+03 
       1.833142894323e-03       6.766452761163e+03 
       1.932816817651e-03       7.090485120728e+03 
       2.034718919664e-03       7.417507865579e+03 
       2.138665094098e-03       7.746690613720e+03 
       2.244481659529e-03       8.077266571576e+03 
       2.352006517222e-03       8.408535461842e+03 
       2.461089677307e-03       8.739861324444e+03 
       2.571593303519e-03       9.070673348751e+03 
       2.683391409940e-03       9.400460410968e+03 
       2.796369321220e-03       9.728768880811e+03 
       2.910422985000e-03       1.005519680605e+04 
       3.025458204250e-03       1.037939113653e+04 
       3.141389839144e-03       1.070104111693e+04 
       3.258141013387e-03       1.101987604160e+04 
       3.375642348360e-03       1.133565958232e+04 
       3.493831239745e-03       1.164818732509e+04 
       3.612651184880e-03       1.195728177999e+04 
       3.732051164558e-03       1.226279311642e+04 
       3.851985079836e-03       1.256458987094e+04 
       3.972411242394e-03       1.286256485227e+04 
       4.093291915663e-03       1.315662357725e+04 
       4.214592903222e-03       1.344669306705e+04 
       4.336283180634e-03       1.373270681861e+04 
       4.458334566790e-03       1.401462002321e+04 
       4.580721430918e-03       1.429239059289e+04 
       4.703420431606e-03       1.456598268679e+04 
       4.826410284458e-03       1.483533815448e+04 
       4.949671555244e-03       1.510053977156e+04 
       5.073186475718e-03       1.536150259553e+04 
       5.196938779567e-03       1.561824464147e+04 
       5.320913556187e-03       1.587080727354e+04 
       5.445097120265e-03       1.611920421147e+04 
       5.569476895355e-03       1.636338523412e+04 
       5.694041309850e-03       1.660265238509e+04 
       5.818779703930e-03       1.683849428376e+04 
       5.943682246249e-03       1.707019337037e+04 
       6.068739859238e-03       1.729772925333e+04 
       6.193944152071e-03       1.752125779976e+04 
       6.319287360436e-03       1.774087831562e+04 
       6.444762292336e-03       1.795665478204e+04 
       6.570362279283e-03       1.816792748018e+04 
       6.696081132274e-03       1.837532754523e+04 
       6.821913102040e-03       1.857874677627e+04 
       6.947852843110e-03       1.877835655446e+04 
       7.073895381277e-03       1.897410720454e+04 
       7.200036084124e-03       1.916598537997e+04 
       7.326270634273e-03       1.935407292453e+04 
       7.452595005080e-03       1.953825120886e+04 
       7.579005438547e-03       1.971889611644e+04 
       7.705498425190e-03       1.989634198830e+04 
       7.832070685704e-03       2.006961382394e+04 
       7.958719154225e-03       2.023924963060e+04 
       8.085440963039e-03       2.040530428996e+04 
       8.212233428601e-03       2.056786812985e+04 
       8.339094038739e-03       2.072690750875e+04 
       8.466020440920e-03       2.088247363103e+04 
       8.593010431497e-03       2.103460824405e+04 
       8.720061945830e-03       2.118335870699e+04 
       8.847173049211e-03       2.132874508739e+04 
       8.974341928512e-03       2.147077434132e+04 
       9.101566884502e-03       2.160954749393e+04 
       9.228846324766e-03       2.174508142845e+04 
       9.356178757171e-03       2.187738695008e+04 
       9.483562783842e-03       2.200653478001e+04 
       9.610997095596e-03       2.213253787695e+04 
       9.738480466796e-03       2.225546737219e+04 
       9.866011750593e-03       2.237523768873e+04 
       9.993589874523e-03       2.249207497976e+04 
       1.012121383643e-02       2.260578261584e+04 
       1.024888270067e-02       2.271657149057e+04 
       1.037659559465e-02       2.282449892401e+04 
       1.050435170552e-02       2.292945261456e+04 
       1.063215027720e-02       2.303147213593e+04 
       1.075999060755e-02       2.313079120246e+04 
       1.088787204580e-02       2.322712766242e+04 
       1.101579399010e-02       2.332081623521e+04 
       1.114375588528e-02       2.341173990973e+04 
       1.127175722076e-02       2.349995350498e+04 
       1.139979752862e-02       2.358547674979e+04 
       1.152787638179e-02       2.366834479602e+04 
       1.165599339233e-02       2.374860868267e+04 
       1.178414820992e-02       2.382627928697e+04 
       1.191234052037e-02       2.390139088347e+04 
       1.204057004429e-02       2.397405503134e+04 
       1.216883653578e-02       2.404402433142e+04 
       1.229713978133e-02       2.411164928090e+04 
       1.242547959869e-02       2.417680707526e+04 
       1.255385583587e-02       2.423959289675e+04 
       1.268226837018e-02       2.429997032442e+04 
       1.281071710742e-02       2.435804286249e+04 
       1.293920198099e-02       2.441372237595e+04 
       1.306772295122e-02       2.446715121785e+04 
       1.319628000464e-02       2.451824833739e+04 
       1.332487315335e-02       2.456715439005e+04 
       1.345350243443e-02       2.461384528000e+04 
       1.358216790942e-02       2.465841528989e+04 
       1.371086966378e-02       2.470068676119e+04 
       1.383960780651e-02       2.474083013471e+04 
       1.396838246965e-02       2.477888338879e+04 
       1.409719380798e-02       2.481489679534e+04 
       1.422604199863e-02       2.484885230409e+04 
       1.435492724081e-02       2.488073466553e+04 
       1.448384975550e-02       2.491060262270e+04 
       1.461280978525e-02       2.493852722651e+04 
       1.474180759393e-02       2.496448795546e+04 
       1.487084346658e-02       2.498853146717e+04 
       1.499991770923e-02       2.501061255497e+04 
       1.512903064877e-02       2.503083880808e+04 
       1.525818263288e-02       2.504919353053e+04 
       1.538737402988e-02       2.506575405272e+04 
       1.551660522876e-02       2.508042353940e+04 
       1.564587663906e-02       2.509339372792e+04 
       1.577518869091e-02       2.510453329425e+04 
       1.590454183503e-02       2.511401429274e+04 
       1.603393654274e-02       2.512171480851e+04 
       1.616337330602e-02       2.512772158963e+04 
       1.629285263760e-02       2.513208506669e+04 
       1.642237507098e-02       2.513473826456e+04 
       1.655194116062e-02       2.513578175475e+04 
       1.668155148201e-02       2.513528952597e+04 
       1.681120663181e-02       2.513314310024e+04 
       1.694090722804e-02       2.512955810500e+04 
       1.707065391023e-02       2.512426844644e+04 
       1.720044733963e-02       2.511752131530e+04 
       1.733028819941e-02       2.510924704999e+04 
       1.746017719491e-02       2.509955657742e+04 
       1.759011505383e-02       2.508840018664e+04 
       1.772010252655e-02       2.507577465897e+04 
       1.785014038639e-02       2.506180280067e+04 
       1.798022942990e-02       2.504555900563e+04 
       1.811037047715e-02       2.502956714616e+04 
       1.824056437210e-02       2.501068249595e+04 
       1.837081198290e-02       2.499122303834e+04 
       1.850111420230e-02       2.497047606326e+04 
       1.863147194798e-02       2.494920183188e+04 
       1.876188616297e-02       2.492579956143e+04 
       1.889235781607e-02       2.490060479897e+04 
       1.902288790223e-02       2.487531172991e+04 
       1.915347744309e-02       2.484766124917e+04 
       1.928412748733e-02       2.481921468762e+04 
       1.941483911126e-02       2.478962458648e+04 
       1.954561341922e-02       2.476027590601e+04 
       1.967645154420e-02       2.472848221696e+04 
       1.980735464830e-02       2.469556785274e+04 
       1.993832392331e-02       2.466111509454e+04 
       2.006936059132e-02       2.462615442053e+04 
       2.020046590525e-02       2.458985221692e+04 
       2.033164114955e-02       2.455368459513e+04 
       2.046288764075e-02       2.451556795334e+04 
       2.059420672820e-02       2.447640397883e+04 
       2.072559979469e-02       2.443522043724e+04 
       2.085706825720e-02       2.439432270950e+04 
       2.098861356758e-02       2.435297772404e+04 
       2.112023721333e-02       2.430923178417e+04 
       2.125194071838e-02       2.426510581070e+04 
       2.138372564387e-02       2.422028748065e+04 
       2.151559358898e-02       2.417453630090e+04 
       2.164754619176e-02       2.412802259820e+04 
       2.177958513006e-02       2.408060723249e+04 
       2.191171212238e-02       2.403232461839e+04 
       2.204392892881e-02       2.398314181298e+04 
       2.217623735203e-02       2.393311039638e+04 
       2.230863923826e-02       2.388248309867e+04 
       2.244113647830e-02       2.383092122590e+04 
       2.257373100860e-02       2.377856010009e+04 
       2.270642481231e-02       2.372562709699e+04 
       2.283921992043e-02       2.367232009821e+04 
       2.297211841295e-02       2.361742165820e+04 
       2.310512242009e-02       2.356296181009e+04 
       2.323823412345e-02       2.350636790894e+04 
       2.337145575734e-02       2.344984072542e+04 
       2.350478961009e-02       2.339256317643e+04 
       2.363823802536e-02       2.333493365614e+04 
       2.377180340358e-02       2.327644010828e+04 
       2.390548820335e-02       2.321725845115e+04 
       2.403929494296e-02       2.315764627211e+04 
       2.417322620187e-02       2.309724288348e+04 
       2.430728462237e-02       2.303720268234e+04 
       2.444147291114e-02       2.297515790180e+04 
       2.457579384096e-02       2.291308991100e+04 
       2.471025025247e-02       2.285136332365e+04 
       2.484484505593e-02       2.278767386884e+04 
       2.497958123313e-02       2.272430322433e+04 
       2.511446183924e-02       2.266002093755e+04 
       2.524949000485e-02       2.259552965178e+04 
       2.538466893798e-02       2.253066639167e+04 
       2.552000192623e-02       2.246529298520e+04 
       2.565549233892e-02       2.239940658818e+04 
       2.579114362942e-02       2.233318144943e+04 
       2.592695933743e-02       2.226650246958e+04 
       2.606294309141e-02       2.219926695878e+04 
       2.619909861112e-02       2.213224338713e+04 
       2.633542971018e-02       2.206378435560e+04 
       2.647194029876e-02       2.199544145544e+04 
       2.660863438634e-02       2.192684971546e+04 
       2.674551608462e-02       2.185778576518e+04 
       2.688258961046e-02       2.178887996096e+04 
       2.701985928899e-02       2.171878514858e+04 
       2.715732955678e-02       2.164917440726e+04 
       2.729500496519e-02       2.157884334354e+04 
       2.743289018375e-02       2.150795863784e+04 
       2.757099000378e-02       2.143695341559e+04 
       2.770930934203e-02       2.136577724699e+04 
       2.784785324453e-02       2.129458346579e+04 
       2.798662689059e-02       2.122268675599e+04 
       2.812563559686e-02       2.115066262043e+04 
       2.826488482170e-02       2.107847787310e+04 
       2.840438016955e-02       2.100597957093e+04 
       2.854412739561e-02       2.093336175169e+04 
       2.868413241059e-02       2.086058185294e+04 
       2.882440128574e-02       2.078742235700e+04 
       2.896494025805e-02       2.071445891055e+04 
       2.910575573559e-02       2.064071971010e+04 
       2.924685430320e-02       2.056707034316e+04 
       2.938824272826e-02       2.049365612009e+04 
       2.952992796684e-02       2.041926828102e+04 
       2.967191717002e-02       2.034558307663e+04 
       2.981421769045e-02       2.027081924786e+04 
       2.995683708927e-02       2.019643442018e+04 
       3.009978314329e-02       2.012182993620e+04 
       3.024306385244e-02       2.004727965805e+04 
       3.038668744756e-02       1.997278340566e+04 
       3.053066239858e-02       1.989749291262e+04 
       3.067499742301e-02       1.982248595730e+04 
       3.081970149478e-02       1.974740852501e+04 
       3.096478385354e-02       1.967220025383e+04 
       3.111025401436e-02       1.959688850552e+04 
       3.125612177782e-02       1.952152966690e+04 
       3.140239724066e-02       1.944637269982e+04 
       3.154909080681e-02       1.937078246185e+04 
       3.169621319907e-02       1.929503192557e+04 
       3.184377547117e-02       1.921940496948e+04 
       3.199178902060e-02       1.914392320180e+04 
       3.214026560188e-02       1.906804379458e+04 
       3.228921734063e-02       1.899229426533e+04 
       3.243865674817e-02       1.891655753963e+04 
       3.258859673702e-02       1.884088602526e+04 
       3.273905063701e-02       1.876487582210e+04 
       3.289003221233e-02       1.868891590099e+04 
       3.304155567938e-02       1.861302297440e+04 
       3.319363572557e-02       1.853738065914e+04 
       3.334628752909e-02       1.846144619282e+04 
       3.349952677970e-02       1.838545110140e+04 
       3.365336970071e-02       1.830935324520e+04 
       3.380783307202e-02       1.823344914488e+04 
       3.396293425452e-02       1.815778949815e+04 
       3.411869121576e-02       1.808193638580e+04 
       3.427512255711e-02       1.800595103538e+04 
       3.443224754235e-02       1.792999374448e+04 
       3.459008612799e-02       1.785433865530e+04 
       3.474865899530e-02       1.777827949989e+04 
       3.490798758412e-02       1.770242166844e+04 
       3.506809412879e-02       1.762681711596e+04 
       3.522900169613e-02       1.755109917477e+04 
       3.539073422568e-02       1.747533428676e+04 
       3.555331657252e-02       1.739962760366e+04 
       3.571677455255e-02       1.732395125976e+04 
       3.588113499075e-02       1.724830358967e+04 
       3.604642577239e-02       1.717274920056e+04 
       3.621267589753e-02       1.709721397207e+04 
       3.637991553909e-02       1.702178358268e+04 
       3.654817610468e-02       1.694618386268e+04 
       3.671749030252e-02       1.687105389049e+04 
       3.688789221183e-02       1.679550090151e+04 
       3.705941735803e-02       1.672005549706e+04 
       3.723210279303e-02       1.664476469549e+04 
       3.740598718128e-02       1.656942147368e+04 
       3.758111089180e-02       1.649412094986e+04 
       3.775751609685e-02       1.641904863861e+04 
       3.793524687789e-02       1.634398561630e+04 
       3.811434933917e-02       1.626866057070e+04 
       3.829487173010e-02       1.619358843320e+04 
       3.847686457664e-02       1.611850053301e+04 
       3.866038082311e-02       1.604336033619e+04 
       3.884547598486e-02       1.596816355458e+04 
       3.903220831329e-02       1.589331621274e+04 
       3.922063897405e-02       1.581820428969e+04 
       3.941083223992e-02       1.574326032737e+04 
       3.960285569973e-02       1.566815526333e+04 
       3.979678048502e-02       1.559315845607e+04 
       3.999268151608e-02       1.551845478293e+04 
       4.019063776965e-02       1.544329043939e+04 
       4.039073257029e-02       1.536837270511e+04 
       4.059305390817e-02       1.529337798974e+04 
       4.079769478607e-02       1.521797988631e+04 
       4.100475359884e-02       1.514313103317e+04 
       4.121433454906e-02       1.506813937561e+04 
       4.142654810291e-02       1.499278997412e+04 
       4.164151149122e-02       1.491750192042e+04 
       4.185934926079e-02       1.484238090549e+04 
       4.208019388236e-02       1.476706199370e+04 
       4.230418642205e-02       1.469155009432e+04 
       4.253147728441e-02       1.461601086455e+04 
       4.276222703627e-02       1.454053631060e+04 
       4.299660732195e-02       1.446458967359e+04 
       4.323480188214e-02       1.438894224033e+04 
       4.347700769062e-02       1.431273223002e+04 
       4.372343622522e-02       1.423657844477e+04 
       4.397431489222e-02       1.416025990602e+04 
       4.422988862659e-02       1.408369956687e+04 
       4.449042169413e-02       1.400692832613e+04 
       4.475619972638e-02       1.393015075177e+04 
       4.502753202449e-02       1.385274648180e+04 
       4.530475417505e-02       1.377527148421e+04 
       4.558823102848e-02       1.369755699075e+04 
       4.587836010100e-02       1.361959598731e+04 
       4.617557547222e-02       1.354100134729e+04 
       4.648035226563e-02       1.346220992574e+04 
       4.679321181660e-02       1.338300476939e+04 
       4.711472765467e-02       1.330315512435e+04 
       4.744553245416e-02       1.322263749273e+04 
       4.778632614094e-02       1.314219345461e+04 
       4.813788538553e-02       1.306082413920e+04 
       4.850107476571e-02       1.297859976952e+04 
       4.887685994888e-02       1.289551884214e+04 
       4.926632332852e-02       1.281185468572e+04 
       4.967068265651e-02       1.272741173873e+04 
       5.009131334911e-02       1.264191013131e+04 
       5.052977531794e-02       1.255532946970e+04 
       5.098784539853e-02       1.246746784543e+04 
       5.146755673066e-02       1.237854325873e+04 
       5.197124680201e-02       1.228826745883e+04 
       5.250161631623e-02       1.219602041308e+04 
       5.306180160355e-02       1.210205101242e+04 
       5.365546396471e-02       1.200584154411e+04 
       5.428690011210e-02       1.190685754407e+04 
       5.496117867942e-02       1.180501238542e+04 
       5.568430843301e-02       1.169977121467e+04 
       5.646344392505e-02       1.159045439198e+04 
       5.730713301712e-02       1.147627080498e+04 
       5.822560625510e-02       1.135619510668e+04 
       5.923109724979e-02       1.122879161407e+04 
       6.033816028631e-02       1.109122992980e+04 
       6.156390727847e-02       1.094282052608e+04 
       6.292800945061e-02       1.077866632567e+04 
       6.445219382413e-02       1.059446963468e+04 
       6.615883570765e-02       1.038500047369e+04 
       6.806821485010e-02       1.014352789935e+04 
       7.019430761689e-02       9.861749841260e+03 
       7.253989760665e-02       9.534264356826e+03 
       7.509309020806e-02       9.157735192215e+03 
       7.782776211507e-02       8.734872943795e+03 
       8.070867058818e-02       8.275401843852e+03 
       8.369884961233e-02       7.795277094555e+03 
       8.676568551487e-02       7.312711249455e+03 
       8.988376956840e-02       6.846617387704e+03 
       9.303496327114e-02       6.412829052980e+03 
       9.620706232890e-02       6.022857724289e+03 
       9.939216718054e-02       5.683437708478e+03 
       1.025852892689e-01       5.396360052710e+03 
       1.057833265459e-01       5.159302734730e+03 
       1.089843682842e-01       4.966667414702e+03 
       1.121872443109e-01       4.810140183947e+03 
       1.153912404194e-01       4.680686194482e+03 
       1.185959215265e-01       4.568212403764e+03 
       1.218010228240e-01       4.463087961333e+03 
       1.250063831652e-01       4.357167656347e+03 
       1.282119044384e-01       4.243727559468e+03 
       1.314175268407e-01       4.118491115307e+03 
       1.346232138469e-01       3.980346317936e+03 
       1.378289430794e-01       3.830044327281e+03 
       1.410347007634e-01       3.670219090504e+03 
       1.442404783600e-01       3.505330197075e+03 
       1.474462705223e-01       3.340222384272e+03 
       1.506520738527e-01       3.180145509152e+03 
       1.538578861492e-01       3.029431903930e+03 
       1.570637059458e-01       2.891524907115e+03 
       1.602695322328e-01       2.768725008826e+03 
       1.634753642870e-01       2.661954444790e+03 
       1.666812015668e-01       2.570999141617e+03 
       1.698870436485e-01       2.494396462155e+03 
       1.730928901867e-01       2.430221932237e+03 
       1.762987408898e-01       2.375602668903e+03 
       1.795045955044e-01       2.327467291385e+03 
       1.827104538059e-01       2.283147130934e+03 
       1.859163155913e-01       2.240092104373e+03 
       1.891221806758e-01       2.195401836509e+03 
       1.923280488890e-01       2.147525079180e+03 
       1.955339200736e-01       2.095193448157e+03 
       1.987397940831e-01       2.038337572096e+03 
       2.019456707812e-01       1.977533333681e+03 
       2.051515500402e-01       1.913902400665e+03 
       2.083574317407e-01       1.849119131844e+03 
       2.115633157707e-01       1.784738171308e+03 
       2.147692020251e-01       1.722332686164e+03 
       2.179750904048e-01       1.663158645241e+03 
       2.211809808167e-01       1.608045409514e+03 
       2.243868731732e-01       1.557867566446e+03 
       2.275927673914e-01       1.512674073029e+03 
       2.307986633932e-01       1.472639881123e+03 
       2.340045611048e-01       1.437280785835e+03 
       2.372104604564e-01       1.406071909024e+03 
       2.404163613820e-01       1.378222910458e+03 
       2.436222638190e-01       1.352609359067e+03 
       2.468281677081e-01       1.328366986786e+03 
       2.500340729932e-01       1.304637281465e+03 
       2.532399796209e-01       1.280620729202e+03 
       2.564458875405e-01       1.255828835660e+03 
       2.596517967039e-01       1.229992845326e+03 
       2.628577070652e-01       1.202962724198e+03 
       2.660636185810e-01       1.174903922497e+03 
       2.692695312098e-01       1.146055472959e+03 
       2.724754449119e-01       1.116835804676e+03 
       2.756813596499e-01       1.087652956612e+03 
       2.788872753877e-01       1.058985740087e+03 
       2.820931920910e-01       1.031427111290e+03 
       2.852991097272e-01       1.005292053184e+03 
       2.885050282649e-01       9.808112907850e+02 
       2.917109476744e-01       9.581762580620e+02 
       2.949168679269e-01       9.373433897226e+02 
       2.981227889952e-01       9.182181576096e+02 
       3.013287108530e-01       9.005419980449e+02 
       3.045346334754e-01       8.840829368766e+02 
       3.077405568383e-01       8.685858416746e+02 
       3.109464809186e-01       8.537706863549e+02 
       3.141524056943e-01       8.392754626366e+02 
       3.173583311443e-01       8.249665525695e+02 
       3.205642572481e-01       8.106422683088e+02 
       3.237701839863e-01       7.960566076139e+02 
       3.269761113401e-01       7.812896274794e+02 
       3.301820392915e-01       7.662373495672e+02 
       3.333879678232e-01       7.510682606859e+02 
       3.365938969185e-01       7.358753071171e+02 
       3.397998265614e-01       7.208423631078e+02 
       3.430057567365e-01       7.060043365621e+02 
       3.462116874289e-01       6.915833854131e+02 
       3.494176186242e-01       6.776630887290e+02 
       3.526235503088e-01       6.643187935172e+02 
       3.558294824694e-01       6.516077049826e+02 
       3.590354150931e-01       6.395425547754e+02 
       3.622413481676e-01       6.281306797065e+02 
       3.654472816809e-01       6.173223652519e+02 
       3.686532156216e-01       6.070646098041e+02 
       3.718591499786e-01       5.972200556928e+02 
       3.750650847412e-01       5.877256992954e+02 
       3.782710198989e-01       5.784186122137e+02 
       3.814769554418e-01       5.693108845608e+02 
       3.846828913603e-01       5.602618311375e+02 
       3.878888276449e-01       5.513010291962e+02 
       3.910947642867e-01       5.423773698662e+02 
       3.943007012768e-01       5.334834577184e+02 
       3.975066386068e-01       5.246381595533e+02 
       4.007125762686e-01       5.158317306478e+02 
       4.039185142542e-01       5.071218175702e+02 
       4.071244525559e-01       4.985410680767e+02 
       4.103303911663e-01       4.901354766982e+02 
       4.135363300782e-01       4.819626932485e+02 
       4.167422692845e-01       4.740007370618e+02 
       4.199482087786e-01       4.662870769658e+02 
       4.231541485538e-01       4.588376474195e+02 
       4.263600886038e-01       4.516368546911e+02 
       4.295660289224e-01       4.446747222952e+02 
       4.327719695037e-01       4.379465741821e+02 
       4.359779103418e-01       4.314258686287e+02 
       4.391838514310e-01       4.250965103979e+02 
       4.423897927659e-01       4.189309278122e+02 
       4.455957343411e-01       4.128913440628e+02 
       4.488016761516e-01       4.069790616530e+02 
       4.520076181922e-01       4.011534169316e+02 
       4.552135604582e-01       3.953983166775e+02 
       4.584195029446e-01       3.897061032119e+02 
       4.616254456470e-01       3.840771097605e+02 
       4.648313885609e-01       3.785134154633e+02 
       4.680373316818e-01       3.730270301410e+02 
       4.712432750056e-01       3.676157364906e+02 
       4.744492185282e-01       3.622879527459e+02 
       4.776551622454e-01       3.570682963220e+02 
       4.808611061534e-01       3.519327514159e+02 
       4.840670502485e-01       3.469134193248e+02 
       4.872729945268e-01       3.420159314695e+02 
       4.904789389849e-01       3.372469637730e+02 
       4.936848836191e-01       3.326095313295e+02 
       4.968908284260e-01       3.280940190874e+02 
       5.000967734024e-01       3.236908800201e+02 
       5.033027185450e-01       3.193869894166e+02 
       5.065086638506e-01       3.151744875283e+02 
       5.097146093161e-01       3.110435591070e+02 
       5.129205549385e-01       3.069792903186e+02 
       5.161265007149e-01       3.029966445338e+02 
       5.193324466424e-01       2.990778653533e+02 
       5.225383927183e-01       2.952294966495e+02 
       5.257443389398e-01       2.914161115022e+02 
       5.289502853042e-01       2.876531123834e+02 
       5.321562318090e-01       2.839397403254e+02 
       5.353621784517e-01       2.802818345995e+02 
       5.385681252297e-01       2.766798631509e+02 
       5.417740721406e-01       2.731311801021e+02 
       5.449800191822e-01       2.696702403488e+02 
       5.481859663521e-01       2.662653146829e+02 
       5.513919136480e-01       2.629260277599e+02 
       5.545978610678e-01       2.596473737379e+02 
       5.578038086093e-01       2.564302374310e+02 
       5.610097562705e-01       2.532766585605e+02 
       5.642157040492e-01       2.501859015252e+02 
       5.674216519436e-01       2.471550127465e+02 
       5.706275999516e-01       2.441841790628e+02 
       5.738335480713e-01       2.412671929001e+02 
       5.770394963008e-01       2.383993228710e+02 
       5.802454446384e-01       2.355765131376e+02 
       5.834513930823e-01       2.327963828861e+02 
       5.866573416306e-01       2.300584700139e+02 
       5.898632902817e-01       2.273630536634e+02 
       5.930692390340e-01       2.247099201968e+02 
       5.962751878857e-01       2.220977193328e+02 
       5.994811368354e-01       2.195243265206e+02 
       6.026870858813e-01       2.169878641947e+02 
       6.058930350221e-01       2.144871872164e+02 
       6.090989842561e-01       2.120229886680e+02 
       6.123049335819e-01       2.095971771198e+02 
       6.155108829981e-01       2.072117640160e+02 
       6.187168325033e-01       2.048677402446e+02 
       6.219227820961e-01       2.025646619028e+02 
       6.251287317751e-01       2.003005616797e+02 
       6.283346815390e-01       1.980731808566e+02 
       6.315406313865e-01       1.958808238963e+02 
       6.347465813164e-01       1.937222271463e+02 
       6.379525313274e-01       1.915985510463e+02 
       6.411584814183e-01       1.895093029040e+02 
       6.443644315879e-01       1.874541961350e+02 
       6.475703818350e-01       1.854313634830e+02 
       6.507763321584e-01       1.834386210783e+02 
       6.539822825571e-01       1.814737193381e+02 
       6.571882330299e-01       1.795351579811e+02 
       6.603941835758e-01       1.776228583939e+02 
       6.636001341937e-01       1.757376464486e+02 
       6.668060848826e-01       1.738802847973e+02 
       6.700120356414e-01       1.720510002388e+02 
       6.732179864691e-01       1.702498183361e+02 
       6.764239373647e-01       1.684742319980e+02 
       6.796298883274e-01       1.667232056684e+02 
       6.828358393561e-01       1.649961923275e+02 
       6.860417904499e-01       1.632933463422e+02 
       6.892477416079e-01       1.616154390145e+02 
       6.924536928292e-01       1.599633081092e+02 
       6.956596441129e-01       1.583366914613e+02 
       6.988655954582e-01       1.567348754041e+02 
       7.020715468642e-01       1.551563464180e+02 
       7.052774983302e-01       1.535994392200e+02 
       7.084834498552e-01       1.520631570500e+02 
       7.116894014384e-01       1.505475702322e+02 
       7.148953530792e-01       1.490529371359e+02 
       7.181013047767e-01       1.475798354136e+02 
       7.213072565302e-01       1.461280457627e+02 
       7.245132083388e-01       1.446966027401e+02 
       7.277191602020e-01       1.432843276508e+02 
       7.309251121189e-01       1.418899804088e+02 
       7.341310640889e-01       1.405132066996e+02 
       7.373370161113e-01       1.391537293118e+02 
       7.405429681854e-01       1.378130855971e+02 
       7.437489203104e-01       1.364907846262e+02 
       7.469548724859e-01       1.351872729616e+02 
       7.501608247110e-01       1.339019684495e+02 
       7.533667769852e-01       1.326336865890e+02 
       8.234874576443e-01       1.086168872803e+02 
       9.251239653234e-01       8.340952870481e+01 
       1.086877471844e+00       5.758169931388e+01 
