# dimensionless total [l(l+1)/2pi] C_l's
# for l=2 to 2500, i.e. number of multipoles equal to 2499
#
# -> if you prefer output in CAMB/HealPix/LensPix units/order, set 'format' to 'camb' in input file
# -> if you don't want to see such a header, set 'headers' to 'no' in input file
#
# 1:l     2:TT                 
    2       1.381671406757e-10 
    3       1.306687407622e-10 
    4       1.236002861176e-10 
    5       1.183076177512e-10 
    6       1.146776530707e-10 
    7       1.123125837133e-10 
    8       1.109313917257e-10 
    9       1.102859789427e-10 
   10       1.101461900021e-10 
   11       1.104527488530e-10 
   12       1.110548847725e-10 
   13       1.119019536357e-10 
   14       1.129452224558e-10 
   15       1.141725416396e-10 
   16       1.155098364683e-10 
   17       1.169826786656e-10 
   18       1.185285855444e-10 
   19       1.201589520339e-10 
   20       1.218662027370e-10 
   21       1.236521412373e-10 
   22       1.254911523234e-10 
   23       1.273876945978e-10 
   24       1.293348333396e-10 
   25       1.313350347256e-10 
   26       1.333777615144e-10 
   27       1.354574200318e-10 
   28       1.375613877467e-10 
   29       1.396988921521e-10 
   30       1.418748342928e-10 
   31       1.440836481257e-10 
   32       1.463282948262e-10 
   33       1.486057051249e-10 
   34       1.509059572420e-10 
   35       1.532315012943e-10 
   36       1.555829343585e-10 
   37       1.579565275205e-10 
   38       1.603561086039e-10 
   39       1.627839554282e-10 
   40       1.652368794998e-10 
   41       1.677091667807e-10 
   42       1.702039330079e-10 
   43       1.727244975232e-10 
   44       1.752708598030e-10 
   45       1.778411695200e-10 
   46       1.804374468350e-10 
   47       1.830610048581e-10 
   48       1.857105707799e-10 
   49       1.883820561895e-10 
   50       1.910707907321e-10 
   51       1.937794707140e-10 
   52       1.965119710370e-10 
   53       1.992709593703e-10 
   54       2.020577823898e-10 
   55       2.048729686106e-10 
   56       2.077181437764e-10 
   57       2.105943920339e-10 
   58       2.135015932456e-10 
   59       2.164383332525e-10 
   60       2.194018141375e-10 
   61       2.223891356377e-10 
   62       2.254016785032e-10 
   63       2.284415502682e-10 
   64       2.315102556057e-10 
   65       2.346086500959e-10 
   66       2.377368939949e-10 
   67       2.408944060031e-10 
   68       2.440804588018e-10 
   69       2.472962091322e-10 
   70       2.505429979015e-10 
   71       2.538217155269e-10 
   72       2.571327721183e-10 
   73       2.604760676595e-10 
   74       2.638509621907e-10 
   75       2.672562459903e-10 
   76       2.706907334567e-10 
   77       2.741552356944e-10 
   78       2.776508951366e-10 
   79       2.811785770033e-10 
   80       2.847388522736e-10 
   81       2.883319806562e-10 
   82       2.919578935619e-10 
   83       2.956161770742e-10 
   84       2.993063518973e-10 
   85       3.030288038221e-10 
   86       3.067839770078e-10 
   87       3.105720788608e-10 
   88       3.143930679975e-10 
   89       3.182466422067e-10 
   90       3.221322264125e-10 
   91       3.260489606371e-10 
   92       3.299956879630e-10 
   93       3.339713062251e-10 
   94       3.379759097377e-10 
   95       3.420097978265e-10 
   96       3.460731194496e-10 
   97       3.501658661529e-10 
   98       3.542878650258e-10 
   99       3.584387716569e-10 
  100       3.626180630889e-10 
  101       3.668250307748e-10 
  102       3.710587735330e-10 
  103       3.753181905031e-10 
  104       3.796022134663e-10 
  105       3.839105547216e-10 
  106       3.882430475746e-10 
  107       3.925994116324e-10 
  108       3.969792483902e-10 
  109       4.013820368167e-10 
  110       4.058071289405e-10 
  111       4.102537454354e-10 
  112       4.147209712069e-10 
  113       4.192077509775e-10 
  114       4.237128848734e-10 
  115       4.282350240096e-10 
  116       4.327728603241e-10 
  117       4.373257316990e-10 
  118       4.418930824645e-10 
  119       4.464742730660e-10 
  120       4.510685773681e-10 
  121       4.556751799578e-10 
  122       4.602931734478e-10 
  123       4.649215557801e-10 
  124       4.695592275294e-10 
  125       4.742049892061e-10 
  126       4.788575385601e-10 
  127       4.835154678843e-10 
  128       4.881772613174e-10 
  129       4.928414479456e-10 
  130       4.975070858226e-10 
  131       5.021733261982e-10 
  132       5.068392609138e-10 
  133       5.115039208209e-10 
  134       5.161662741991e-10 
  135       5.208252251746e-10 
  136       5.254796121381e-10 
  137       5.301282061633e-10 
  138       5.347697094248e-10 
  139       5.394027536167e-10 
  140       5.440258983707e-10 
  141       5.486376296741e-10 
  142       5.532363582884e-10 
  143       5.578204181673e-10 
  144       5.623882009711e-10 
  145       5.669385778961e-10 
  146       5.714705166190e-10 
  147       5.759829481420e-10 
  148       5.804747659931e-10 
  149       5.849448254269e-10 
  150       5.893919426248e-10 
  151       5.938148938953e-10 
  152       5.982124148744e-10 
  153       6.025831997262e-10 
  154       6.069259003429e-10 
  155       6.112391255457e-10 
  156       6.155214402848e-10 
  157       6.197713648397e-10 
  158       6.239873740201e-10 
  159       6.281678963658e-10 
  160       6.323113133473e-10 
  161       6.364160694609e-10 
  162       6.404810151341e-10 
  163       6.445050927569e-10 
  164       6.484872282280e-10 
  165       6.524263306648e-10 
  166       6.563212921141e-10 
  167       6.601709872631e-10 
  168       6.639742731495e-10 
  169       6.677299888724e-10 
  170       6.714369553028e-10 
  171       6.750939747942e-10 
  172       6.786998308933e-10 
  173       6.822532880504e-10 
  174       6.857530913302e-10 
  175       6.891979661223e-10 
  176       6.925866178519e-10 
  177       6.959177316902e-10 
  178       6.991899722653e-10 
  179       7.024019833724e-10 
  180       7.055524766368e-10 
  181       7.086405059870e-10 
  182       7.116652144937e-10 
  183       7.146257474166e-10 
  184       7.175212522428e-10 
  185       7.203508787246e-10 
  186       7.231137789178e-10 
  187       7.258091072205e-10 
  188       7.284360204105e-10 
  189       7.309936776842e-10 
  190       7.334812406944e-10 
  191       7.358978735888e-10 
  192       7.382427430482e-10 
  193       7.405150183246e-10 
  194       7.427138712796e-10 
  195       7.448384764222e-10 
  196       7.468880109479e-10 
  197       7.488616547761e-10 
  198       7.507585905885e-10 
  199       7.525780038679e-10 
  200       7.543190829355e-10 
  201       7.559810776429e-10 
  202       7.575634800364e-10 
  203       7.590658566862e-10 
  204       7.604877914036e-10 
  205       7.618288854528e-10 
  206       7.630887577621e-10 
  207       7.642670451358e-10 
  208       7.653634024656e-10 
  209       7.663775029424e-10 
  210       7.673090382676e-10 
  211       7.681577188649e-10 
  212       7.689232740917e-10 
  213       7.696054524510e-10 
  214       7.702040218026e-10 
  215       7.707187695748e-10 
  216       7.711495029762e-10 
  217       7.714960492071e-10 
  218       7.717582556710e-10 
  219       7.719359901862e-10 
  220       7.720291411978e-10 
  221       7.720376179886e-10 
  222       7.719613508913e-10 
  223       7.718002914995e-10 
  224       7.715544324862e-10 
  225       7.712238680347e-10 
  226       7.708087377027e-10 
  227       7.703092074224e-10 
  228       7.697254697583e-10 
  229       7.690577441658e-10 
  230       7.683062772494e-10 
  231       7.674713430207e-10 
  232       7.665532431572e-10 
  233       7.655523072599e-10 
  234       7.644688931123e-10 
  235       7.633033869378e-10 
  236       7.620562036588e-10 
  237       7.607277871545e-10 
  238       7.593186105193e-10 
  239       7.578291763208e-10 
  240       7.562600168587e-10 
  241       7.546116944222e-10 
  242       7.528848015491e-10 
  243       7.510799612834e-10 
  244       7.491978274341e-10 
  245       7.472390848331e-10 
  246       7.452044495934e-10 
  247       7.430946693679e-10 
  248       7.409105236070e-10 
  249       7.386528238174e-10 
  250       7.363223866971e-10 
  251       7.339199512906e-10 
  252       7.314462575533e-10 
  253       7.289020732496e-10 
  254       7.262881941594e-10 
  255       7.236054442843e-10 
  256       7.208546760538e-10 
  257       7.180367705323e-10 
  258       7.151526376250e-10 
  259       7.122032162842e-10 
  260       7.091894747164e-10 
  261       7.061124105877e-10 
  262       7.029730512312e-10 
  263       6.997724538526e-10 
  264       6.965117057369e-10 
  265       6.931919244551e-10 
  266       6.898142580699e-10 
  267       6.863798853429e-10 
  268       6.828900159404e-10 
  269       6.793458906399e-10 
  270       6.757487815367e-10 
  271       6.720999922502e-10 
  272       6.684008581303e-10 
  273       6.646527464637e-10 
  274       6.608570566803e-10 
  275       6.570152205599e-10 
  276       6.531287024382e-10 
  277       6.491989994134e-10 
  278       6.452276415524e-10 
  279       6.412161106647e-10 
  280       6.371655915388e-10 
  281       6.330772082197e-10 
  282       6.289521043616e-10 
  283       6.247914433093e-10 
  284       6.205964081797e-10 
  285       6.163682019428e-10 
  286       6.121080475033e-10 
  287       6.078171877815e-10 
  288       6.034968857951e-10 
  289       5.991484247404e-10 
  290       5.947731080730e-10 
  291       5.903722595901e-10 
  292       5.859472235110e-10 
  293       5.814993645588e-10 
  294       5.770300680415e-10 
  295       5.725407399337e-10 
  296       5.680328069574e-10 
  297       5.635077166634e-10 
  298       5.589669375131e-10 
  299       5.544119589591e-10 
  300       5.498442915271e-10 
  301       5.452654668968e-10 
  302       5.406770379835e-10 
  303       5.360805790191e-10 
  304       5.314776856337e-10 
  305       5.268699749368e-10 
  306       5.222590855985e-10 
  307       5.176466779310e-10 
  308       5.130344339697e-10 
  309       5.084240575546e-10 
  310       5.038172744119e-10 
  311       4.992158322347e-10 
  312       4.946213820506e-10 
  313       4.900351160732e-10 
  314       4.854581132056e-10 
  315       4.808914561754e-10 
  316       4.763362314703e-10 
  317       4.717935292734e-10 
  318       4.672644433985e-10 
  319       4.627500712257e-10 
  320       4.582515136367e-10 
  321       4.537698749505e-10 
  322       4.493062628585e-10 
  323       4.448617883602e-10 
  324       4.404375656982e-10 
  325       4.360347122943e-10 
  326       4.316543486844e-10 
  327       4.272975984541e-10 
  328       4.229655881740e-10 
  329       4.186594473355e-10 
  330       4.143803082859e-10 
  331       4.101293061638e-10 
  332       4.059075788348e-10 
  333       4.017162668267e-10 
  334       3.975565132650e-10 
  335       3.934294638084e-10 
  336       3.893362665841e-10 
  337       3.852780721233e-10 
  338       3.812560332968e-10 
  339       3.772713052500e-10 
  340       3.733250453388e-10 
  341       3.694184130648e-10 
  342       3.655525700105e-10 
  343       3.617286797754e-10 
  344       3.579479079107e-10 
  345       3.542114218552e-10 
  346       3.505203908705e-10 
  347       3.468759859766e-10 
  348       3.432793798870e-10 
  349       3.397316457553e-10 
  350       3.362334489025e-10 
  351       3.327853421582e-10 
  352       3.293878657309e-10 
  353       3.260415470445e-10 
  354       3.227469005739e-10 
  355       3.195044276813e-10 
  356       3.163146164519e-10 
  357       3.131779415303e-10 
  358       3.100948639564e-10 
  359       3.070658310011e-10 
  360       3.040912760029e-10 
  361       3.011716182035e-10 
  362       2.983072625838e-10 
  363       2.954985997002e-10 
  364       2.927460055205e-10 
  365       2.900498412599e-10 
  366       2.874104532170e-10 
  367       2.848281726098e-10 
  368       2.823033154117e-10 
  369       2.798361821879e-10 
  370       2.774270579308e-10 
  371       2.750762118965e-10 
  372       2.727838974407e-10 
  373       2.705503518544e-10 
  374       2.683757962005e-10 
  375       2.662604351495e-10 
  376       2.642044568155e-10 
  377       2.622080325921e-10 
  378       2.602713169888e-10 
  379       2.583944474669e-10 
  380       2.565775442752e-10 
  381       2.548207102863e-10 
  382       2.531240308327e-10 
  383       2.514875735427e-10 
  384       2.499113881763e-10 
  385       2.483955064614e-10 
  386       2.469399419300e-10 
  387       2.455446897536e-10 
  388       2.442097102608e-10 
  389       2.429348791434e-10 
  390       2.417200350653e-10 
  391       2.405649956378e-10 
  392       2.394695572420e-10 
  393       2.384334948520e-10 
  394       2.374565618582e-10 
  395       2.365384898900e-10 
  396       2.356789886393e-10 
  397       2.348777456828e-10 
  398       2.341344263059e-10 
  399       2.334486733252e-10 
  400       2.328201069117e-10 
  401       2.322483244138e-10 
  402       2.317329001807e-10 
  403       2.312733853846e-10 
  404       2.308693078449e-10 
  405       2.305201718502e-10 
  406       2.302254579819e-10 
  407       2.299846229373e-10 
  408       2.297970993523e-10 
  409       2.296622956247e-10 
  410       2.295795957372e-10 
  411       2.295483590803e-10 
  412       2.295679202756e-10 
  413       2.296375889988e-10 
  414       2.297566498026e-10 
  415       2.299243619396e-10 
  416       2.301399591858e-10 
  417       2.304026496635e-10 
  418       2.307116156640e-10 
  419       2.310660134711e-10 
  420       2.314649731839e-10 
  421       2.319075985399e-10 
  422       2.323929667380e-10 
  423       2.329201282616e-10 
  424       2.334881067018e-10 
  425       2.340958985802e-10 
  426       2.347424731720e-10 
  427       2.354268547557e-10 
  428       2.361483728047e-10 
  429       2.369064199597e-10 
  430       2.377003702487e-10 
  431       2.385295789644e-10 
  432       2.393933825410e-10 
  433       2.402910984316e-10 
  434       2.412220249856e-10 
  435       2.421854413252e-10 
  436       2.431806072234e-10 
  437       2.442067629804e-10 
  438       2.452631293013e-10 
  439       2.463489071730e-10 
  440       2.474632777417e-10 
  441       2.486054021895e-10 
  442       2.497744216122e-10 
  443       2.509694568958e-10 
  444       2.521896085944e-10 
  445       2.534339568069e-10 
  446       2.547015610542e-10 
  447       2.559914601566e-10 
  448       2.573026721106e-10 
  449       2.586341939665e-10 
  450       2.599850017053e-10 
  451       2.613540501159e-10 
  452       2.627402726724e-10 
  453       2.641425814109e-10 
  454       2.655598668073e-10 
  455       2.669909976539e-10 
  456       2.684348209369e-10 
  457       2.698901617133e-10 
  458       2.713558229883e-10 
  459       2.728305855924e-10 
  460       2.743132080586e-10 
  461       2.758024264996e-10 
  462       2.772969544846e-10 
  463       2.787954829170e-10 
  464       2.802966799115e-10 
  465       2.817991906708e-10 
  466       2.833017786904e-10 
  467       2.848037544697e-10 
  468       2.863045599345e-10 
  469       2.878036282740e-10 
  470       2.893003838956e-10 
  471       2.907942423808e-10 
  472       2.922846104393e-10 
  473       2.937708858650e-10 
  474       2.952524574905e-10 
  475       2.967287051425e-10 
  476       2.981989995966e-10 
  477       2.996627025330e-10 
  478       3.011191664908e-10 
  479       3.025677348237e-10 
  480       3.040077416549e-10 
  481       3.054385118321e-10 
  482       3.068593608829e-10 
  483       3.082695949695e-10 
  484       3.096685108442e-10 
  485       3.110553958041e-10 
  486       3.124295276464e-10 
  487       3.137901746239e-10 
  488       3.151365953991e-10 
  489       3.164680390004e-10 
  490       3.177837447765e-10 
  491       3.190829423517e-10 
  492       3.203648515810e-10 
  493       3.216286825052e-10 
  494       3.228736353061e-10 
  495       3.240989002615e-10 
  496       3.253036577001e-10 
  497       3.264870779570e-10 
  498       3.276483213286e-10 
  499       3.287865380276e-10 
  500       3.299008681383e-10 
  501       3.309904415716e-10 
  502       3.320543780199e-10 
  503       3.330917869128e-10 
  504       3.341017673715e-10 
  505       3.350835388146e-10 
  506       3.360368370040e-10 
  507       3.369615293200e-10 
  508       3.378574851594e-10 
  509       3.387245759520e-10 
  510       3.395626751770e-10 
  511       3.403716583793e-10 
  512       3.411514031860e-10 
  513       3.419017893233e-10 
  514       3.426226986320e-10 
  515       3.433140150852e-10 
  516       3.439756248036e-10 
  517       3.446074160726e-10 
  518       3.452092793588e-10 
  519       3.457811073259e-10 
  520       3.463227948519e-10 
  521       3.468342390449e-10 
  522       3.473153392598e-10 
  523       3.477659971151e-10 
  524       3.481861165088e-10 
  525       3.485756036349e-10 
  526       3.489343670006e-10 
  527       3.492623174416e-10 
  528       3.495593681396e-10 
  529       3.498254346380e-10 
  530       3.500604348589e-10 
  531       3.502642891193e-10 
  532       3.504369201474e-10 
  533       3.505782530994e-10 
  534       3.506882155756e-10 
  535       3.507667376374e-10 
  536       3.508137518230e-10 
  537       3.508291931644e-10 
  538       3.508129992038e-10 
  539       3.507651100099e-10 
  540       3.506854681944e-10 
  541       3.505740189285e-10 
  542       3.504307099593e-10 
  543       3.502554916262e-10 
  544       3.500483778951e-10 
  545       3.498096312216e-10 
  546       3.495395826672e-10 
  547       3.492385713697e-10 
  548       3.489069445849e-10 
  549       3.485450577276e-10 
  550       3.481532744127e-10 
  551       3.477319664964e-10 
  552       3.472815141173e-10 
  553       3.468023057375e-10 
  554       3.462947381841e-10 
  555       3.457592166898e-10 
  556       3.451961549345e-10 
  557       3.446059750863e-10 
  558       3.439891078426e-10 
  559       3.433459924712e-10 
  560       3.426770768516e-10 
  561       3.419828175163e-10 
  562       3.412636796916e-10 
  563       3.405201373388e-10 
  564       3.397526731955e-10 
  565       3.389617788168e-10 
  566       3.381479546164e-10 
  567       3.373117099076e-10 
  568       3.364535629445e-10 
  569       3.355740409634e-10 
  570       3.346736802236e-10 
  571       3.337530260488e-10 
  572       3.328126328681e-10 
  573       3.318530642573e-10 
  574       3.308748929800e-10 
  575       3.298787010287e-10 
  576       3.288650796658e-10 
  577       3.278346294652e-10 
  578       3.267879603530e-10 
  579       3.257256916488e-10 
  580       3.246484521072e-10 
  581       3.235568799581e-10 
  582       3.224516229490e-10 
  583       3.213333128368e-10 
  584       3.202024880839e-10 
  585       3.190596693128e-10 
  586       3.179053847113e-10 
  587       3.167401700652e-10 
  588       3.155645687898e-10 
  589       3.143791319626e-10 
  590       3.131844183550e-10 
  591       3.119809944650e-10 
  592       3.107694345486e-10 
  593       3.095503206528e-10 
  594       3.083242426469e-10 
  595       3.070917982554e-10 
  596       3.058535930896e-10 
  597       3.046102406800e-10 
  598       3.033623625085e-10 
  599       3.021105880403e-10 
  600       3.008555547562e-10 
  601       2.995979081848e-10 
  602       2.983383019347e-10 
  603       2.970773977263e-10 
  604       2.958158654243e-10 
  605       2.945543830699e-10 
  606       2.932936369125e-10 
  607       2.920343214421e-10 
  608       2.907771394219e-10 
  609       2.895228019195e-10 
  610       2.882720283399e-10 
  611       2.870255464572e-10 
  612       2.857840924469e-10 
  613       2.845484109179e-10 
  614       2.833192549449e-10 
  615       2.820973861004e-10 
  616       2.808835744866e-10 
  617       2.796785987682e-10 
  618       2.784832462039e-10 
  619       2.772983126788e-10 
  620       2.761246027365e-10 
  621       2.749629296114e-10 
  622       2.738140331382e-10 
  623       2.726783313038e-10 
  624       2.715561629387e-10 
  625       2.704478693201e-10 
  626       2.693537941776e-10 
  627       2.682742837010e-10 
  628       2.672096865461e-10 
  629       2.661603538420e-10 
  630       2.651266391977e-10 
  631       2.641088987084e-10 
  632       2.631074909628e-10 
  633       2.621227770497e-10 
  634       2.611551205642e-10 
  635       2.602048876153e-10 
  636       2.592724468315e-10 
  637       2.583581693688e-10 
  638       2.574624289162e-10 
  639       2.565856017033e-10 
  640       2.557280665065e-10 
  641       2.548902046561e-10 
  642       2.540724000426e-10 
  643       2.532750391237e-10 
  644       2.524985109310e-10 
  645       2.517432070766e-10 
  646       2.510095217600e-10 
  647       2.502978517745e-10 
  648       2.496085965143e-10 
  649       2.489421579809e-10 
  650       2.482989407900e-10 
  651       2.476793521782e-10 
  652       2.470838020095e-10 
  653       2.465127027825e-10 
  654       2.459664696365e-10 
  655       2.454455203587e-10 
  656       2.449502753907e-10 
  657       2.444811578352e-10 
  658       2.440385934630e-10 
  659       2.436230107191e-10 
  660       2.432348407301e-10 
  661       2.428744355168e-10 
  662       2.425418206394e-10 
  663       2.422369371109e-10 
  664       2.419597226815e-10 
  665       2.417101118229e-10 
  666       2.414880357123e-10 
  667       2.412934222171e-10 
  668       2.411261958788e-10 
  669       2.409862778975e-10 
  670       2.408735861162e-10 
  671       2.407880350049e-10 
  672       2.407295356451e-10 
  673       2.406979957140e-10 
  674       2.406933194688e-10 
  675       2.407154077308e-10 
  676       2.407641578700e-10 
  677       2.408394637892e-10 
  678       2.409412159083e-10 
  679       2.410693011488e-10 
  680       2.412236029175e-10 
  681       2.414040010915e-10 
  682       2.416103720021e-10 
  683       2.418425884190e-10 
  684       2.421005195350e-10 
  685       2.423840309498e-10 
  686       2.426929846545e-10 
  687       2.430272390161e-10 
  688       2.433866487613e-10 
  689       2.437710649613e-10 
  690       2.441803350158e-10 
  691       2.446143026371e-10 
  692       2.450728078349e-10 
  693       2.455556869003e-10 
  694       2.460627723899e-10 
  695       2.465938931103e-10 
  696       2.471488741026e-10 
  697       2.477275366261e-10 
  698       2.483296981432e-10 
  699       2.489551723034e-10 
  700       2.496037359652e-10 
  701       2.502750295408e-10 
  702       2.509686545447e-10 
  703       2.516842063440e-10 
  704       2.524212741349e-10 
  705       2.531794409185e-10 
  706       2.539582834776e-10 
  707       2.547573723522e-10 
  708       2.555762718166e-10 
  709       2.564145398547e-10 
  710       2.572717281371e-10 
  711       2.581473819967e-10 
  712       2.590410404050e-10 
  713       2.599522359488e-10 
  714       2.608804948057e-10 
  715       2.618253367210e-10 
  716       2.627862749835e-10 
  717       2.637628164019e-10 
  718       2.647544612808e-10 
  719       2.657607033974e-10 
  720       2.667810299773e-10 
  721       2.678149216708e-10 
  722       2.688618525292e-10 
  723       2.699212899810e-10 
  724       2.709926948082e-10 
  725       2.720755211223e-10 
  726       2.731692163409e-10 
  727       2.742732211635e-10 
  728       2.753869695480e-10 
  729       2.765098886868e-10 
  730       2.776413989832e-10 
  731       2.787809140275e-10 
  732       2.799278405730e-10 
  733       2.810815785126e-10 
  734       2.822415208549e-10 
  735       2.834070537005e-10 
  736       2.845775562178e-10 
  737       2.857524006198e-10 
  738       2.869309521400e-10 
  739       2.881125998065e-10 
  740       2.892968494781e-10 
  741       2.904832325973e-10 
  742       2.916712755420e-10 
  743       2.928604996085e-10 
  744       2.940504209941e-10 
  745       2.952405507807e-10 
  746       2.964303949172e-10 
  747       2.976194542029e-10 
  748       2.988072242702e-10 
  749       2.999931955680e-10 
  750       3.011768533439e-10 
  751       3.023576776281e-10 
  752       3.035351432157e-10 
  753       3.047087196501e-10 
  754       3.058778712057e-10 
  755       3.070420568710e-10 
  756       3.082007303317e-10 
  757       3.093533399535e-10 
  758       3.104993287652e-10 
  759       3.116381344414e-10 
  760       3.127691892860e-10 
  761       3.138919202149e-10 
  762       3.150057487387e-10 
  763       3.161100909462e-10 
  764       3.172043574871e-10 
  765       3.182879535551e-10 
  766       3.193602788705e-10 
  767       3.204207276639e-10 
  768       3.214686886585e-10 
  769       3.225035450536e-10 
  770       3.235246745070e-10 
  771       3.245314491187e-10 
  772       3.255232354132e-10 
  773       3.264993943229e-10 
  774       3.274592811712e-10 
  775       3.284022456548e-10 
  776       3.293276318276e-10 
  777       3.302347780828e-10 
  778       3.311230880227e-10 
  779       3.319922445564e-10 
  780       3.328419997833e-10 
  781       3.336721044674e-10 
  782       3.344823080343e-10 
  783       3.352723585686e-10 
  784       3.360420028105e-10 
  785       3.367909861531e-10 
  786       3.375190526392e-10 
  787       3.382259449587e-10 
  788       3.389114044450e-10 
  789       3.395751710727e-10 
  790       3.402169834540e-10 
  791       3.408365788363e-10 
  792       3.414336930986e-10 
  793       3.420080607492e-10 
  794       3.425594149220e-10 
  795       3.430874873743e-10 
  796       3.435920084830e-10 
  797       3.440727072422e-10 
  798       3.445293112601e-10 
  799       3.449615467558e-10 
  800       3.453691385566e-10 
  801       3.457518100948e-10 
  802       3.461092834049e-10 
  803       3.464412791203e-10 
  804       3.467475164710e-10 
  805       3.470277132796e-10 
  806       3.472815859594e-10 
  807       3.475088495105e-10 
  808       3.477092175174e-10 
  809       3.478824021458e-10 
  810       3.480281141398e-10 
  811       3.481460628184e-10 
  812       3.482359560733e-10 
  813       3.482975003653e-10 
  814       3.483304007216e-10 
  815       3.483343607326e-10 
  816       3.483090825491e-10 
  817       3.482543342882e-10 
  818       3.481701535757e-10 
  819       3.480566476334e-10 
  820       3.479139262089e-10 
  821       3.477421015844e-10 
  822       3.475412885865e-10 
  823       3.473116045945e-10 
  824       3.470531695501e-10 
  825       3.467661059665e-10 
  826       3.464505389370e-10 
  827       3.461065961449e-10 
  828       3.457344078720e-10 
  829       3.453341070079e-10 
  830       3.449058290593e-10 
  831       3.444497121588e-10 
  832       3.439658970744e-10 
  833       3.434545272183e-10 
  834       3.429157486562e-10 
  835       3.423497101163e-10 
  836       3.417565629986e-10 
  837       3.411364613838e-10 
  838       3.404895620427e-10 
  839       3.398160244449e-10 
  840       3.391160107684e-10 
  841       3.383896859083e-10 
  842       3.376372174865e-10 
  843       3.368587758599e-10 
  844       3.360545341306e-10 
  845       3.352246681540e-10 
  846       3.343693565489e-10 
  847       3.334887807057e-10 
  848       3.325831247961e-10 
  849       3.316525757823e-10 
  850       3.306973234256e-10 
  851       3.297175602959e-10 
  852       3.287134817807e-10 
  853       3.276852860945e-10 
  854       3.266331742875e-10 
  855       3.255573502548e-10 
  856       3.244580473516e-10 
  857       3.233356087170e-10 
  858       3.221904083376e-10 
  859       3.210228245800e-10 
  860       3.198332402031e-10 
  861       3.186220423728e-10 
  862       3.173896226747e-10 
  863       3.161363771278e-10 
  864       3.148627061980e-10 
  865       3.135690148116e-10 
  866       3.122557123686e-10 
  867       3.109232127564e-10 
  868       3.095719343630e-10 
  869       3.082023000910e-10 
  870       3.068147373704e-10 
  871       3.054096781724e-10 
  872       3.039875590230e-10 
  873       3.025488210163e-10 
  874       3.010939098279e-10 
  875       2.996232757288e-10 
  876       2.981373735982e-10 
  877       2.966366629375e-10 
  878       2.951216078836e-10 
  879       2.935926772224e-10 
  880       2.920503444022e-10 
  881       2.904950875472e-10 
  882       2.889273894712e-10 
  883       2.873477376907e-10 
  884       2.857566244387e-10 
  885       2.841545466777e-10 
  886       2.825420061139e-10 
  887       2.809195092101e-10 
  888       2.792875671994e-10 
  889       2.776466960984e-10 
  890       2.759974167213e-10 
  891       2.743402546926e-10 
  892       2.726757404612e-10 
  893       2.710044093134e-10 
  894       2.693268013869e-10 
  895       2.676434376149e-10 
  896       2.659547471037e-10 
  897       2.642611385975e-10 
  898       2.625630244496e-10 
  899       2.608608206322e-10 
  900       2.591549467466e-10 
  901       2.574458260324e-10 
  902       2.557338853782e-10 
  903       2.540195553310e-10 
  904       2.523032701059e-10 
  905       2.505854675965e-10 
  906       2.488665893844e-10 
  907       2.471470807491e-10 
  908       2.454273906781e-10 
  909       2.437079718763e-10 
  910       2.419892807765e-10 
  911       2.402717775488e-10 
  912       2.385559261106e-10 
  913       2.368421941366e-10 
  914       2.351310530686e-10 
  915       2.334229781251e-10 
  916       2.317184483117e-10 
  917       2.300179464305e-10 
  918       2.283219590902e-10 
  919       2.266309767160e-10 
  920       2.249454935594e-10 
  921       2.232660077079e-10 
  922       2.215930210953e-10 
  923       2.199270395112e-10 
  924       2.182685726109e-10 
  925       2.166181339256e-10 
  926       2.149762408718e-10 
  927       2.133434147615e-10 
  928       2.117201808121e-10 
  929       2.101070681560e-10 
  930       2.085046098507e-10 
  931       2.069133428885e-10 
  932       2.053338082066e-10 
  933       2.037665506969e-10 
  934       2.022120630964e-10 
  935       2.006706166790e-10 
  936       1.991424279361e-10 
  937       1.976277144588e-10 
  938       1.961266949394e-10 
  939       1.946395891737e-10 
  940       1.931666180634e-10 
  941       1.917080036183e-10 
  942       1.902639689578e-10 
  943       1.888347383140e-10 
  944       1.874205370332e-10 
  945       1.860215915782e-10 
  946       1.846381295306e-10 
  947       1.832703795929e-10 
  948       1.819185715906e-10 
  949       1.805829364744e-10 
  950       1.792637063224e-10 
  951       1.779611143423e-10 
  952       1.766753948732e-10 
  953       1.754067833885e-10 
  954       1.741555164971e-10 
  955       1.729218319465e-10 
  956       1.717059686243e-10 
  957       1.705081665606e-10 
  958       1.693286669302e-10 
  959       1.681677120547e-10 
  960       1.670255454048e-10 
  961       1.659024116022e-10 
  962       1.647985564217e-10 
  963       1.637142267941e-10 
  964       1.626496708072e-10 
  965       1.616051377090e-10 
  966       1.605808779094e-10 
  967       1.595771429821e-10 
  968       1.585941856675e-10 
  969       1.576322598741e-10 
  970       1.566916206810e-10 
  971       1.557725243402e-10 
  972       1.548752282785e-10 
  973       1.539999373873e-10 
  974       1.531466420032e-10 
  975       1.523152774996e-10 
  976       1.515057777743e-10 
  977       1.507180752447e-10 
  978       1.499521008432e-10 
  979       1.492077840125e-10 
  980       1.484850527011e-10 
  981       1.477838333584e-10 
  982       1.471040509305e-10 
  983       1.464456288552e-10 
  984       1.458084890572e-10 
  985       1.451925519442e-10 
  986       1.445977364014e-10 
  987       1.440239597873e-10 
  988       1.434711379291e-10 
  989       1.429391851179e-10 
  990       1.424280141041e-10 
  991       1.419375360929e-10 
  992       1.414676607392e-10 
  993       1.410182961438e-10 
  994       1.405893488477e-10 
  995       1.401807238285e-10 
  996       1.397923244950e-10 
  997       1.394240526829e-10 
  998       1.390758086501e-10 
  999       1.387474910720e-10 
 1000       1.384389970370e-10 
 1001       1.381502220417e-10 
 1002       1.378810599864e-10 
 1003       1.376314031703e-10 
 1004       1.374011422871e-10 
 1005       1.371901664200e-10 
 1006       1.369983630375e-10 
 1007       1.368256179884e-10 
 1008       1.366718154972e-10 
 1009       1.365368381598e-10 
 1010       1.364205669385e-10 
 1011       1.363228811573e-10 
 1012       1.362436352698e-10 
 1013       1.361825888034e-10 
 1014       1.361394753944e-10 
 1015       1.361140259170e-10 
 1016       1.361059684755e-10 
 1017       1.361150283978e-10 
 1018       1.361409282271e-10 
 1019       1.361833877150e-10 
 1020       1.362421238143e-10 
 1021       1.363168506712e-10 
 1022       1.364072796183e-10 
 1023       1.365131191671e-10 
 1024       1.366340750005e-10 
 1025       1.367698499659e-10 
 1026       1.369201440672e-10 
 1027       1.370846544581e-10 
 1028       1.372630754341e-10 
 1029       1.374550984257e-10 
 1030       1.376604119907e-10 
 1031       1.378787018068e-10 
 1032       1.381096506648e-10 
 1033       1.383529384603e-10 
 1034       1.386082421872e-10 
 1035       1.388752359299e-10 
 1036       1.391535908561e-10 
 1037       1.394429752093e-10 
 1038       1.397430543015e-10 
 1039       1.400534905060e-10 
 1040       1.403739432498e-10 
 1041       1.407040690065e-10 
 1042       1.410435212885e-10 
 1043       1.413919506401e-10 
 1044       1.417490046301e-10 
 1045       1.421143278441e-10 
 1046       1.424875618775e-10 
 1047       1.428683453278e-10 
 1048       1.432563137876e-10 
 1049       1.436510998370e-10 
 1050       1.440523330365e-10 
 1051       1.444596552177e-10 
 1052       1.448727666052e-10 
 1053       1.452913803214e-10 
 1054       1.457152071406e-10 
 1055       1.461439554831e-10 
 1056       1.465773314096e-10 
 1057       1.470150386157e-10 
 1058       1.474567784258e-10 
 1059       1.479022497876e-10 
 1060       1.483511492666e-10 
 1061       1.488031710400e-10 
 1062       1.492580068914e-10 
 1063       1.497153462046e-10 
 1064       1.501748759586e-10 
 1065       1.506362807214e-10 
 1066       1.510992426441e-10 
 1067       1.515634414560e-10 
 1068       1.520285544581e-10 
 1069       1.524942565178e-10 
 1070       1.529602200631e-10 
 1071       1.534261150771e-10 
 1072       1.538916090918e-10 
 1073       1.543563671829e-10 
 1074       1.548200519641e-10 
 1075       1.552823235808e-10 
 1076       1.557428397053e-10 
 1077       1.562012555303e-10 
 1078       1.566572237636e-10 
 1079       1.571103946224e-10 
 1080       1.575604158276e-10 
 1081       1.580069325978e-10 
 1082       1.584495876440e-10 
 1083       1.588880211637e-10 
 1084       1.593218708353e-10 
 1085       1.597507718122e-10 
 1086       1.601743567174e-10 
 1087       1.605922556375e-10 
 1088       1.610040961173e-10 
 1089       1.614095031537e-10 
 1090       1.618081386811e-10 
 1091       1.621998206163e-10 
 1092       1.625844053980e-10 
 1093       1.629617486391e-10 
 1094       1.633317051249e-10 
 1095       1.636941288112e-10 
 1096       1.640488728231e-10 
 1097       1.643957894529e-10 
 1098       1.647347301586e-10 
 1099       1.650655455619e-10 
 1100       1.653880854468e-10 
 1101       1.657021987577e-10 
 1102       1.660077335976e-10 
 1103       1.663045372268e-10 
 1104       1.665924560608e-10 
 1105       1.668713356685e-10 
 1106       1.671410207709e-10 
 1107       1.674013552392e-10 
 1108       1.676521820928e-10 
 1109       1.678933434981e-10 
 1110       1.681246807665e-10 
 1111       1.683460343524e-10 
 1112       1.685572438522e-10 
 1113       1.687581480020e-10 
 1114       1.689485846761e-10 
 1115       1.691283908851e-10 
 1116       1.692974027747e-10 
 1117       1.694554556232e-10 
 1118       1.696023838406e-10 
 1119       1.697380209662e-10 
 1120       1.698621996673e-10 
 1121       1.699747517375e-10 
 1122       1.700755080947e-10 
 1123       1.701642987796e-10 
 1124       1.702409529539e-10 
 1125       1.703052988986e-10 
 1126       1.703571640124e-10 
 1127       1.703963748098e-10 
 1128       1.704227569196e-10 
 1129       1.704361738111e-10 
 1130       1.704366435263e-10 
 1131       1.704242234555e-10 
 1132       1.703989717478e-10 
 1133       1.703609473135e-10 
 1134       1.703102098253e-10 
 1135       1.702468197211e-10 
 1136       1.701708382051e-10 
 1137       1.700823272504e-10 
 1138       1.699813496005e-10 
 1139       1.698679687715e-10 
 1140       1.697422490538e-10 
 1141       1.696042555141e-10 
 1142       1.694540539974e-10 
 1143       1.692917111290e-10 
 1144       1.691172943162e-10 
 1145       1.689308717503e-10 
 1146       1.687325124087e-10 
 1147       1.685222860567e-10 
 1148       1.683002632493e-10 
 1149       1.680665153335e-10 
 1150       1.678211144497e-10 
 1151       1.675641335341e-10 
 1152       1.672956463205e-10 
 1153       1.670157273420e-10 
 1154       1.667244519334e-10 
 1155       1.664218962324e-10 
 1156       1.661081371824e-10 
 1157       1.657832525338e-10 
 1158       1.654473208461e-10 
 1159       1.651004214899e-10 
 1160       1.647426346488e-10 
 1161       1.643740413212e-10 
 1162       1.639947233226e-10 
 1163       1.636047632869e-10 
 1164       1.632042446691e-10 
 1165       1.627932517464e-10 
 1166       1.623718696211e-10 
 1167       1.619401842214e-10 
 1168       1.614982994284e-10 
 1169       1.610463886848e-10 
 1170       1.605846440353e-10 
 1171       1.601132590648e-10 
 1172       1.596324289015e-10 
 1173       1.591423502207e-10 
 1174       1.586432212479e-10 
 1175       1.581352417626e-10 
 1176       1.576186131011e-10 
 1177       1.570935381608e-10 
 1178       1.565602214029e-10 
 1179       1.560188688562e-10 
 1180       1.554696881203e-10 
 1181       1.549128883696e-10 
 1182       1.543486803558e-10 
 1183       1.537772764121e-10 
 1184       1.531988904564e-10 
 1185       1.526137379948e-10 
 1186       1.520220361247e-10 
 1187       1.514240035386e-10 
 1188       1.508198605275e-10 
 1189       1.502098289841e-10 
 1190       1.495941324066e-10 
 1191       1.489729959018e-10 
 1192       1.483466461885e-10 
 1193       1.477153116014e-10 
 1194       1.470792220940e-10 
 1195       1.464386092423e-10 
 1196       1.457937062483e-10 
 1197       1.451447479431e-10 
 1198       1.444919707908e-10 
 1199       1.438356128915e-10 
 1200       1.431759139852e-10 
 1201       1.425131154546e-10 
 1202       1.418474603291e-10 
 1203       1.411791932880e-10 
 1204       1.405085606640e-10 
 1205       1.398358104466e-10 
 1206       1.391611922854e-10 
 1207       1.384849474383e-10 
 1208       1.378072784749e-10 
 1209       1.371283792129e-10 
 1210       1.364484447431e-10 
 1211       1.357676714315e-10 
 1212       1.350862569224e-10 
 1213       1.344044001409e-10 
 1214       1.337223012954e-10 
 1215       1.330401618803e-10 
 1216       1.323581846783e-10 
 1217       1.316765737637e-10 
 1218       1.309955345042e-10 
 1219       1.303152735640e-10 
 1220       1.296359989063e-10 
 1221       1.289579197960e-10 
 1222       1.282812468019e-10 
 1223       1.276061918000e-10 
 1224       1.269329679753e-10 
 1225       1.262617898252e-10 
 1226       1.255928731614e-10 
 1227       1.249264351131e-10 
 1228       1.242626941290e-10 
 1229       1.236018699806e-10 
 1230       1.229441837643e-10 
 1231       1.222898579041e-10 
 1232       1.216391161544e-10 
 1233       1.209921836022e-10 
 1234       1.203492866702e-10 
 1235       1.197106531193e-10 
 1236       1.190765120507e-10 
 1237       1.184470939092e-10 
 1238       1.178226304855e-10 
 1239       1.172033549186e-10 
 1240       1.165895016987e-10 
 1241       1.159813066698e-10 
 1242       1.153790070323e-10 
 1243       1.147828413452e-10 
 1244       1.141930495293e-10 
 1245       1.136098728696e-10 
 1246       1.130335269488e-10 
 1247       1.124641200965e-10 
 1248       1.119017339885e-10 
 1249       1.113464506295e-10 
 1250       1.107983523536e-10 
 1251       1.102575218249e-10 
 1252       1.097240420377e-10 
 1253       1.091979963174e-10 
 1254       1.086794683208e-10 
 1255       1.081685420365e-10 
 1256       1.076653017859e-10 
 1257       1.071698322231e-10 
 1258       1.066822183358e-10 
 1259       1.062025454458e-10 
 1260       1.057308992093e-10 
 1261       1.052673656177e-10 
 1262       1.048120309980e-10 
 1263       1.043649820130e-10 
 1264       1.039263056623e-10 
 1265       1.034960892828e-10 
 1266       1.030744205486e-10 
 1267       1.026613874724e-10 
 1268       1.022570784052e-10 
 1269       1.018615820375e-10 
 1270       1.014749873992e-10 
 1271       1.010973838606e-10 
 1272       1.007288611327e-10 
 1273       1.003695092677e-10 
 1274       1.000194186595e-10 
 1275       9.967868004456e-11 
 1276       9.934738450177e-11 
 1277       9.902562345353e-11 
 1278       9.871348866604e-11 
 1279       9.841107224981e-11 
 1280       9.811846666022e-11 
 1281       9.783576469802e-11 
 1282       9.756305950985e-11 
 1283       9.730044458875e-11 
 1284       9.704801377468e-11 
 1285       9.680583512960e-11 
 1286       9.657387223642e-11 
 1287       9.635206200569e-11 
 1288       9.614034071838e-11 
 1289       9.593864402450e-11 
 1290       9.574690694176e-11 
 1291       9.556506385414e-11 
 1292       9.539304851053e-11 
 1293       9.523079402335e-11 
 1294       9.507823286719e-11 
 1295       9.493529687736e-11 
 1296       9.480191724859e-11 
 1297       9.467802453360e-11 
 1298       9.456354864174e-11 
 1299       9.445841883758e-11 
 1300       9.436256373957e-11 
 1301       9.427591131862e-11 
 1302       9.419838889675e-11 
 1303       9.412992314569e-11 
 1304       9.407044008550e-11 
 1305       9.401986508320e-11 
 1306       9.397812285136e-11 
 1307       9.394513744677e-11 
 1308       9.392083226900e-11 
 1309       9.390513005907e-11 
 1310       9.389795289803e-11 
 1311       9.389922220560e-11 
 1312       9.390885873878e-11 
 1313       9.392678259047e-11 
 1314       9.395291318810e-11 
 1315       9.398716929222e-11 
 1316       9.402946899516e-11 
 1317       9.407972971961e-11 
 1318       9.413786821726e-11 
 1319       9.420380056741e-11 
 1320       9.427744217560e-11 
 1321       9.435870777222e-11 
 1322       9.444751141112e-11 
 1323       9.454376646825e-11 
 1324       9.464737498891e-11 
 1325       9.475819560369e-11 
 1326       9.487607525547e-11 
 1327       9.500085981653e-11 
 1328       9.513239408642e-11 
 1329       9.527052178988e-11 
 1330       9.541508557470e-11 
 1331       9.556592700961e-11 
 1332       9.572288658221e-11 
 1333       9.588580369682e-11 
 1334       9.605451667237e-11 
 1335       9.622886274032e-11 
 1336       9.640867804252e-11 
 1337       9.659379762913e-11 
 1338       9.678405545646e-11 
 1339       9.697928438493e-11 
 1340       9.717931617690e-11 
 1341       9.738398149459e-11 
 1342       9.759310989796e-11 
 1343       9.780652984261e-11 
 1344       9.802406867766e-11 
 1345       9.824555264363e-11 
 1346       9.847080687036e-11 
 1347       9.869965537488e-11 
 1348       9.893192105931e-11 
 1349       9.916742570872e-11 
 1350       9.940598998907e-11 
 1351       9.964743344506e-11 
 1352       9.989157449803e-11 
 1353       1.001382304439e-10 
 1354       1.003872174509e-10 
 1355       1.006383505577e-10 
 1356       1.008914436711e-10 
 1357       1.011463095641e-10 
 1358       1.014027598734e-10 
 1359       1.016606050980e-10 
 1360       1.019196545964e-10 
 1361       1.021797165847e-10 
 1362       1.024405981347e-10 
 1363       1.027021137283e-10 
 1364       1.029641110267e-10 
 1365       1.032264453735e-10 
 1366       1.034889712613e-10 
 1367       1.037515423308e-10 
 1368       1.040140113683e-10 
 1369       1.042762303051e-10 
 1370       1.045380502153e-10 
 1371       1.047993213143e-10 
 1372       1.050598929576e-10 
 1373       1.053196136388e-10 
 1374       1.055783309885e-10 
 1375       1.058358917724e-10 
 1376       1.060921418897e-10 
 1377       1.063469263718e-10 
 1378       1.066000893807e-10 
 1379       1.068514742073e-10 
 1380       1.071009232699e-10 
 1381       1.073482781127e-10 
 1382       1.075933794041e-10 
 1383       1.078360669354e-10 
 1384       1.080761796189e-10 
 1385       1.083135554867e-10 
 1386       1.085480316887e-10 
 1387       1.087794444918e-10 
 1388       1.090076292772e-10 
 1389       1.092324205401e-10 
 1390       1.094536518872e-10 
 1391       1.096711560355e-10 
 1392       1.098847648108e-10 
 1393       1.100943091460e-10 
 1394       1.102996190798e-10 
 1395       1.105005237546e-10 
 1396       1.106968514156e-10 
 1397       1.108884294088e-10 
 1398       1.110750841795e-10 
 1399       1.112566412711e-10 
 1400       1.114329253229e-10 
 1401       1.116037600692e-10 
 1402       1.117689885892e-10 
 1403       1.119285342922e-10 
 1404       1.120823405658e-10 
 1405       1.122303505812e-10 
 1406       1.123725072925e-10 
 1407       1.125087534371e-10 
 1408       1.126390315346e-10 
 1409       1.127632838874e-10 
 1410       1.128814525793e-10 
 1411       1.129934794760e-10 
 1412       1.130993062246e-10 
 1413       1.131988742530e-10 
 1414       1.132921247699e-10 
 1415       1.133789987642e-10 
 1416       1.134594370049e-10 
 1417       1.135333800407e-10 
 1418       1.136007681997e-10 
 1419       1.136615415890e-10 
 1420       1.137156400944e-10 
 1421       1.137630033802e-10 
 1422       1.138035708888e-10 
 1423       1.138372818402e-10 
 1424       1.138640752320e-10 
 1425       1.138838898389e-10 
 1426       1.138966642123e-10 
 1427       1.139023366803e-10 
 1428       1.139008453468e-10 
 1429       1.138921280918e-10 
 1430       1.138761225707e-10 
 1431       1.138527662143e-10 
 1432       1.138219962279e-10 
 1433       1.137837495916e-10 
 1434       1.137379630597e-10 
 1435       1.136845731604e-10 
 1436       1.136235161952e-10 
 1437       1.135547282394e-10 
 1438       1.134781451407e-10 
 1439       1.133937025196e-10 
 1440       1.133013357692e-10 
 1441       1.132009992961e-10 
 1442       1.130927244616e-10 
 1443       1.129765622279e-10 
 1444       1.128525639712e-10 
 1445       1.127207814818e-10 
 1446       1.125812669652e-10 
 1447       1.124340730425e-10 
 1448       1.122792527518e-10 
 1449       1.121168595486e-10 
 1450       1.119469473065e-10 
 1451       1.117695703182e-10 
 1452       1.115847832964e-10 
 1453       1.113926413742e-10 
 1454       1.111932001061e-10 
 1455       1.109865154691e-10 
 1456       1.107726438627e-10 
 1457       1.105516421107e-10 
 1458       1.103235674611e-10 
 1459       1.100884775873e-10 
 1460       1.098464305890e-10 
 1461       1.095974849928e-10 
 1462       1.093416997528e-10 
 1463       1.090791342518e-10 
 1464       1.088098483020e-10 
 1465       1.085339021455e-10 
 1466       1.082513564552e-10 
 1467       1.079622723360e-10 
 1468       1.076667113249e-10 
 1469       1.073647353924e-10 
 1470       1.070564069429e-10 
 1471       1.067417888157e-10 
 1472       1.064209442856e-10 
 1473       1.060939370639e-10 
 1474       1.057608312991e-10 
 1475       1.054216915776e-10 
 1476       1.050765829246e-10 
 1477       1.047255708050e-10 
 1478       1.043687211237e-10 
 1479       1.040061002271e-10 
 1480       1.036377828943e-10 
 1481       1.032638763971e-10 
 1482       1.028844966796e-10 
 1483       1.024997603900e-10 
 1484       1.021097848816e-10 
 1485       1.017146882145e-10 
 1486       1.013145891562e-10 
 1487       1.009096071836e-10 
 1488       1.004998624835e-10 
 1489       1.000854759541e-10 
 1490       9.966656920658e-11 
 1491       9.924326456564e-11 
 1492       9.881568507129e-11 
 1493       9.838395447983e-11 
 1494       9.794819726511e-11 
 1495       9.750853861978e-11 
 1496       9.706510445652e-11 
 1497       9.661802140923e-11 
 1498       9.616741683430e-11 
 1499       9.571341881178e-11 
 1500       9.525615614669e-11 
 1501       9.479575837016e-11 
 1502       9.433235574073e-11 
 1503       9.386607924551e-11 
 1504       9.339706060145e-11 
 1505       9.292543225657e-11 
 1506       9.245132739115e-11 
 1507       9.197487991900e-11 
 1508       9.149622448865e-11 
 1509       9.101549648459e-11 
 1510       9.053283202852e-11 
 1511       9.004836798053e-11 
 1512       8.956224194036e-11 
 1513       8.907459224863e-11 
 1514       8.858555798804e-11 
 1515       8.809527898462e-11 
 1516       8.760389580894e-11 
 1517       8.711154977737e-11 
 1518       8.661838295324e-11 
 1519       8.612453228975e-11 
 1520       8.563011199427e-11 
 1521       8.513523099662e-11 
 1522       8.463999879300e-11 
 1523       8.414452544685e-11 
 1524       8.364892158986e-11 
 1525       8.315329842281e-11 
 1526       8.265776771654e-11 
 1527       8.216244181286e-11 
 1528       8.166743362546e-11 
 1529       8.117285664086e-11 
 1530       8.067882491929e-11 
 1531       8.018545309568e-11 
 1532       7.969285638049e-11 
 1533       7.920115056071e-11 
 1534       7.871045200075e-11 
 1535       7.822087764336e-11 
 1536       7.773254501056e-11 
 1537       7.724557220458e-11 
 1538       7.676007790872e-11 
 1539       7.627618138834e-11 
 1540       7.579400249177e-11 
 1541       7.531366165120e-11 
 1542       7.483527988361e-11 
 1543       7.435897879173e-11 
 1544       7.388488056492e-11 
 1545       7.341310798011e-11 
 1546       7.294378440271e-11 
 1547       7.247703378755e-11 
 1548       7.201298067981e-11 
 1549       7.155175021589e-11 
 1550       7.109346812439e-11 
 1551       7.063826072702e-11 
 1552       7.018625493948e-11 
 1553       6.973757827245e-11 
 1554       6.929235883245e-11 
 1555       6.885072532280e-11 
 1556       6.841280704453e-11 
 1557       6.797873389729e-11 
 1558       6.754862213258e-11 
 1559       6.712253146507e-11 
 1560       6.670050756043e-11 
 1561       6.628259624669e-11 
 1562       6.586884351450e-11 
 1563       6.545929551731e-11 
 1564       6.505399857161e-11 
 1565       6.465299915715e-11 
 1566       6.425634391715e-11 
 1567       6.386407965852e-11 
 1568       6.347625335207e-11 
 1569       6.309291213276e-11 
 1570       6.271410329986e-11 
 1571       6.233987431724e-11 
 1572       6.197027281354e-11 
 1573       6.160534658238e-11 
 1574       6.124514358262e-11 
 1575       6.088971193854e-11 
 1576       6.053909994010e-11 
 1577       6.019335604312e-11 
 1578       5.985252886948e-11 
 1579       5.951666720743e-11 
 1580       5.918582001170e-11 
 1581       5.886003640378e-11 
 1582       5.853936567212e-11 
 1583       5.822385727237e-11 
 1584       5.791356082755e-11 
 1585       5.760852612834e-11 
 1586       5.730880313321e-11 
 1587       5.701444196871e-11 
 1588       5.672549292968e-11 
 1589       5.644200647941e-11 
 1590       5.616403324994e-11 
 1591       5.589162404221e-11 
 1592       5.562482982632e-11 
 1593       5.536370174173e-11 
 1594       5.510829109748e-11 
 1595       5.485864937242e-11 
 1596       5.461482821542e-11 
 1597       5.437686571448e-11 
 1598       5.414474506616e-11 
 1599       5.391843552798e-11 
 1600       5.369790611477e-11 
 1601       5.348312559818e-11 
 1602       5.327406250630e-11 
 1603       5.307068512324e-11 
 1604       5.287296148866e-11 
 1605       5.268085939736e-11 
 1606       5.249434639887e-11 
 1607       5.231338979701e-11 
 1608       5.213795664946e-11 
 1609       5.196801376732e-11 
 1610       5.180352771473e-11 
 1611       5.164446480838e-11 
 1612       5.149079111711e-11 
 1613       5.134247246152e-11 
 1614       5.119947441348e-11 
 1615       5.106176229573e-11 
 1616       5.092930118146e-11 
 1617       5.080205589388e-11 
 1618       5.067999100577e-11 
 1619       5.056307083909e-11 
 1620       5.045125946453e-11 
 1621       5.034452070107e-11 
 1622       5.024281811559e-11 
 1623       5.014611502240e-11 
 1624       5.005437448286e-11 
 1625       4.996755930489e-11 
 1626       4.988563204261e-11 
 1627       4.980855499586e-11 
 1628       4.973629020981e-11 
 1629       4.966879947450e-11 
 1630       4.960604432445e-11 
 1631       4.954798603819e-11 
 1632       4.949458563787e-11 
 1633       4.944580388879e-11 
 1634       4.940160129904e-11 
 1635       4.936193811900e-11 
 1636       4.932676829537e-11 
 1637       4.929602127487e-11 
 1638       4.926962003693e-11 
 1639       4.924748712386e-11 
 1640       4.922954464013e-11 
 1641       4.921571425165e-11 
 1642       4.920591718512e-11 
 1643       4.920007422727e-11 
 1644       4.919810572422e-11 
 1645       4.919993158073e-11 
 1646       4.920547125956e-11 
 1647       4.921464378073e-11 
 1648       4.922736772080e-11 
 1649       4.924356121225e-11 
 1650       4.926314194270e-11 
 1651       4.928602715426e-11 
 1652       4.931213364282e-11 
 1653       4.934137775735e-11 
 1654       4.937367539919e-11 
 1655       4.940894202138e-11 
 1656       4.944709262792e-11 
 1657       4.948804177312e-11 
 1658       4.953170356088e-11 
 1659       4.957799164396e-11 
 1660       4.962681922334e-11 
 1661       4.967809904749e-11 
 1662       4.973174341165e-11 
 1663       4.978766415720e-11 
 1664       4.984577267088e-11 
 1665       4.990597988414e-11 
 1666       4.996819627244e-11 
 1667       5.003233185453e-11 
 1668       5.009829619178e-11 
 1669       5.016599838747e-11 
 1670       5.023534708605e-11 
 1671       5.030625047253e-11 
 1672       5.037861627170e-11 
 1673       5.045235174747e-11 
 1674       5.052736370218e-11 
 1675       5.060356200445e-11 
 1676       5.068087020803e-11 
 1677       5.075921502433e-11 
 1678       5.083852280172e-11 
 1679       5.091871952496e-11 
 1680       5.099973081468e-11 
 1681       5.108148192681e-11 
 1682       5.116389775205e-11 
 1683       5.124690281529e-11 
 1684       5.133042127511e-11 
 1685       5.141437692320e-11 
 1686       5.149869318382e-11 
 1687       5.158329311326e-11 
 1688       5.166809939928e-11 
 1689       5.175303436056e-11 
 1690       5.183801994617e-11 
 1691       5.192297773503e-11 
 1692       5.200782893531e-11 
 1693       5.209249438395e-11 
 1694       5.217689454606e-11 
 1695       5.226094951441e-11 
 1696       5.234457900885e-11 
 1697       5.242770237579e-11 
 1698       5.251023858765e-11 
 1699       5.259210624227e-11 
 1700       5.267322356243e-11 
 1701       5.275350839526e-11 
 1702       5.283287821169e-11 
 1703       5.291125010592e-11 
 1704       5.298854079486e-11 
 1705       5.306466661762e-11 
 1706       5.313954353488e-11 
 1707       5.321308712844e-11 
 1708       5.328521260060e-11 
 1709       5.335583477364e-11 
 1710       5.342486808928e-11 
 1711       5.349222660812e-11 
 1712       5.355782400910e-11 
 1713       5.362157358894e-11 
 1714       5.368339769726e-11 
 1715       5.374325613100e-11 
 1716       5.380111798131e-11 
 1717       5.385695221972e-11 
 1718       5.391072769796e-11 
 1719       5.396241314783e-11 
 1720       5.401197718101e-11 
 1721       5.405938828893e-11 
 1722       5.410461484257e-11 
 1723       5.414762509233e-11 
 1724       5.418838716784e-11 
 1725       5.422686907783e-11 
 1726       5.426303870994e-11 
 1727       5.429686383056e-11 
 1728       5.432831208468e-11 
 1729       5.435735099574e-11 
 1730       5.438394796542e-11 
 1731       5.440807027352e-11 
 1732       5.442968507780e-11 
 1733       5.444875941379e-11 
 1734       5.446526019464e-11 
 1735       5.447915421096e-11 
 1736       5.449040813067e-11 
 1737       5.449898849880e-11 
 1738       5.450486173736e-11 
 1739       5.450799414519e-11 
 1740       5.450835189776e-11 
 1741       5.450590104701e-11 
 1742       5.450060752124e-11 
 1743       5.449243712489e-11 
 1744       5.448135553838e-11 
 1745       5.446732831800e-11 
 1746       5.445032089569e-11 
 1747       5.443029857891e-11 
 1748       5.440722655047e-11 
 1749       5.438106986837e-11 
 1750       5.435179346563e-11 
 1751       5.431936215012e-11 
 1752       5.428374060443e-11 
 1753       5.424490264689e-11 
 1754       5.420285909959e-11 
 1755       5.415763015268e-11 
 1756       5.410923612442e-11 
 1757       5.405769746144e-11 
 1758       5.400303473890e-11 
 1759       5.394526866072e-11 
 1760       5.388442005973e-11 
 1761       5.382050989792e-11 
 1762       5.375355926662e-11 
 1763       5.368358938669e-11 
 1764       5.361062160873e-11 
 1765       5.353467741328e-11 
 1766       5.345577841100e-11 
 1767       5.337394634290e-11 
 1768       5.328920308052e-11 
 1769       5.320157062613e-11 
 1770       5.311107111293e-11 
 1771       5.301772680527e-11 
 1772       5.292156009880e-11 
 1773       5.282259352072e-11 
 1774       5.272084972995e-11 
 1775       5.261635151734e-11 
 1776       5.250912180587e-11 
 1777       5.239918365085e-11 
 1778       5.228656024009e-11 
 1779       5.217127489416e-11 
 1780       5.205335106653e-11 
 1781       5.193281234380e-11 
 1782       5.180968244588e-11 
 1783       5.168398522623e-11 
 1784       5.155574467199e-11 
 1785       5.142498490425e-11 
 1786       5.129173017821e-11 
 1787       5.115600488339e-11 
 1788       5.101783354381e-11 
 1789       5.087724081822e-11 
 1790       5.073425150029e-11 
 1791       5.058889051880e-11 
 1792       5.044118708250e-11 
 1793       5.029118715138e-11 
 1794       5.013894106765e-11 
 1795       4.998449942065e-11 
 1796       4.982791304722e-11 
 1797       4.966923303207e-11 
 1798       4.950851070811e-11 
 1799       4.934579765681e-11 
 1800       4.918114570855e-11 
 1801       4.901460694298e-11 
 1802       4.884623368939e-11 
 1803       4.867607852702e-11 
 1804       4.850419428545e-11 
 1805       4.833063404497e-11 
 1806       4.815545113687e-11 
 1807       4.797869914386e-11 
 1808       4.780043190037e-11 
 1809       4.762070349297e-11 
 1810       4.743956826065e-11 
 1811       4.725708079523e-11 
 1812       4.707329594167e-11 
 1813       4.688826879846e-11 
 1814       4.670205471797e-11 
 1815       4.651470930678e-11 
 1816       4.632628842604e-11 
 1817       4.613684819186e-11 
 1818       4.594644497562e-11 
 1819       4.575513540432e-11 
 1820       4.556297636100e-11 
 1821       4.537002498500e-11 
 1822       4.517633867240e-11 
 1823       4.498197507630e-11 
 1824       4.478699210725e-11 
 1825       4.459144793353e-11 
 1826       4.439540098155e-11 
 1827       4.419890993620e-11 
 1828       4.400203374118e-11 
 1829       4.380483159938e-11 
 1830       4.360736297322e-11 
 1831       4.340968534728e-11 
 1832       4.321184749599e-11 
 1833       4.301389616283e-11 
 1834       4.281587829347e-11 
 1835       4.261784103601e-11 
 1836       4.241983174129e-11 
 1837       4.222189796314e-11 
 1838       4.202408745865e-11 
 1839       4.182644818847e-11 
 1840       4.162902831707e-11 
 1841       4.143187621299e-11 
 1842       4.123504044917e-11 
 1843       4.103856980315e-11 
 1844       4.084251325742e-11 
 1845       4.064691999963e-11 
 1846       4.045183942292e-11 
 1847       4.025732112613e-11 
 1848       4.006341491414e-11 
 1849       3.987017079810e-11 
 1850       3.967763899572e-11 
 1851       3.948586993153e-11 
 1852       3.929491423719e-11 
 1853       3.910482275172e-11 
 1854       3.891564652178e-11 
 1855       3.872743680199e-11 
 1856       3.854024505515e-11 
 1857       3.835412295254e-11 
 1858       3.816912237418e-11 
 1859       3.798529540911e-11 
 1860       3.780269435570e-11 
 1861       3.762137172184e-11 
 1862       3.744138022529e-11 
 1863       3.726277279394e-11 
 1864       3.708560256604e-11 
 1865       3.690992289054e-11 
 1866       3.673578732729e-11 
 1867       3.656324964740e-11 
 1868       3.639236383342e-11 
 1869       3.622318407970e-11 
 1870       3.605575858705e-11 
 1871       3.589011089334e-11 
 1872       3.572625839736e-11 
 1873       3.556421855117e-11 
 1874       3.540400886017e-11 
 1875       3.524564688315e-11 
 1876       3.508915023235e-11 
 1877       3.493453657354e-11 
 1878       3.478182362605e-11 
 1879       3.463102916286e-11 
 1880       3.448217101064e-11 
 1881       3.433526704984e-11 
 1882       3.419033521471e-11 
 1883       3.404739349339e-11 
 1884       3.390645992797e-11 
 1885       3.376755261452e-11 
 1886       3.363068970321e-11 
 1887       3.349588939832e-11 
 1888       3.336316995832e-11 
 1889       3.323254969591e-11 
 1890       3.310404697814e-11 
 1891       3.297768022639e-11 
 1892       3.285346791650e-11 
 1893       3.273142857879e-11 
 1894       3.261158079813e-11 
 1895       3.249394321402e-11 
 1896       3.237853452063e-11 
 1897       3.226537346685e-11 
 1898       3.215447885640e-11 
 1899       3.204586954784e-11 
 1900       3.193956445465e-11 
 1901       3.183558254528e-11 
 1902       3.173394284326e-11 
 1903       3.163466442719e-11 
 1904       3.153776643085e-11 
 1905       3.144326804323e-11 
 1906       3.135118850863e-11 
 1907       3.126154712667e-11 
 1908       3.117436325241e-11 
 1909       3.108965024411e-11 
 1910       3.100739725595e-11 
 1911       3.092758730586e-11 
 1912       3.085020331495e-11 
 1913       3.077522810742e-11 
 1914       3.070264441037e-11 
 1915       3.063243485370e-11 
 1916       3.056458196993e-11 
 1917       3.049906819411e-11 
 1918       3.043587586363e-11 
 1919       3.037498721814e-11 
 1920       3.031638439937e-11 
 1921       3.026004945099e-11 
 1922       3.020596431849e-11 
 1923       3.015411084906e-11 
 1924       3.010447079140e-11 
 1925       3.005702579562e-11 
 1926       3.001175741310e-11 
 1927       2.996864709635e-11 
 1928       2.992767619884e-11 
 1929       2.988882597490e-11 
 1930       2.985207757959e-11 
 1931       2.981741206852e-11 
 1932       2.978481039773e-11 
 1933       2.975425342358e-11 
 1934       2.972572190257e-11 
 1935       2.969919649121e-11 
 1936       2.967465774592e-11 
 1937       2.965208612284e-11 
 1938       2.963146197772e-11 
 1939       2.961276556578e-11 
 1940       2.959597704156e-11 
 1941       2.958107645882e-11 
 1942       2.956804377033e-11 
 1943       2.955685882780e-11 
 1944       2.954750138172e-11 
 1945       2.953995108120e-11 
 1946       2.953418747386e-11 
 1947       2.953019000569e-11 
 1948       2.952793541156e-11 
 1949       2.952738986572e-11 
 1950       2.952851677207e-11 
 1951       2.953127936789e-11 
 1952       2.953564072366e-11 
 1953       2.954156374282e-11 
 1954       2.954901116151e-11 
 1955       2.955794554843e-11 
 1956       2.956832930454e-11 
 1957       2.958012466291e-11 
 1958       2.959329368843e-11 
 1959       2.960779827764e-11 
 1960       2.962360015850e-11 
 1961       2.964066089015e-11 
 1962       2.965894186270e-11 
 1963       2.967840429703e-11 
 1964       2.969900924453e-11 
 1965       2.972071758690e-11 
 1966       2.974349003595e-11 
 1967       2.976728713334e-11 
 1968       2.979206925038e-11 
 1969       2.981779658782e-11 
 1970       2.984442917560e-11 
 1971       2.987192687266e-11 
 1972       2.990024936670e-11 
 1973       2.992935617396e-11 
 1974       2.995920663901e-11 
 1975       2.998975993453e-11 
 1976       3.002097506108e-11 
 1977       3.005281084687e-11 
 1978       3.008522594756e-11 
 1979       3.011817884604e-11 
 1980       3.015162785220e-11 
 1981       3.018553110270e-11 
 1982       3.021984656076e-11 
 1983       3.025453201594e-11 
 1984       3.028954508393e-11 
 1985       3.032484320631e-11 
 1986       3.036038365033e-11 
 1987       3.039612520123e-11 
 1988       3.043203325317e-11 
 1989       3.046807475537e-11 
 1990       3.050421652278e-11 
 1991       3.054042523594e-11 
 1992       3.057666744083e-11 
 1993       3.061290954863e-11 
 1994       3.064911783563e-11 
 1995       3.068525844302e-11 
 1996       3.072129737672e-11 
 1997       3.075720050722e-11 
 1998       3.079293356942e-11 
 1999       3.082846216245e-11 
 2000       3.086375174948e-11 
 2001       3.089876765760e-11 
 2002       3.093347507760e-11 
 2003       3.096783906383e-11 
 2004       3.100182453404e-11 
 2005       3.103539626917e-11 
 2006       3.106851891323e-11 
 2007       3.110115697309e-11 
 2008       3.113327481833e-11 
 2009       3.116483668108e-11 
 2010       3.119580665583e-11 
 2011       3.122614869925e-11 
 2012       3.125582663009e-11 
 2013       3.128480412892e-11 
 2014       3.131304473802e-11 
 2015       3.134051186118e-11 
 2016       3.136716876356e-11 
 2017       3.139297857151e-11 
 2018       3.141790427236e-11 
 2019       3.144190871433e-11 
 2020       3.146495460628e-11 
 2021       3.148700451762e-11 
 2022       3.150802087805e-11 
 2023       3.152796597749e-11 
 2024       3.154680196581e-11 
 2025       3.156449085276e-11 
 2026       3.158099884973e-11 
 2027       3.159630943001e-11 
 2028       3.161041036258e-11 
 2029       3.162328937860e-11 
 2030       3.163493417143e-11 
 2031       3.164533239653e-11 
 2032       3.165447167143e-11 
 2033       3.166233957570e-11 
 2034       3.166892365090e-11 
 2035       3.167421140056e-11 
 2036       3.167819029008e-11 
 2037       3.168084774676e-11 
 2038       3.168217115969e-11 
 2039       3.168214787978e-11 
 2040       3.168076521964e-11 
 2041       3.167801045359e-11 
 2042       3.167387081762e-11 
 2043       3.166833350930e-11 
 2044       3.166138568780e-11 
 2045       3.165301447378e-11 
 2046       3.164320694943e-11 
 2047       3.163195015835e-11 
 2048       3.161923110553e-11 
 2049       3.160503675736e-11 
 2050       3.158935404150e-11 
 2051       3.157216984691e-11 
 2052       3.155347102377e-11 
 2053       3.153324438345e-11 
 2054       3.151147669846e-11 
 2055       3.148815470244e-11 
 2056       3.146326509004e-11 
 2057       3.143679451698e-11 
 2058       3.140872959993e-11 
 2059       3.137905691650e-11 
 2060       3.134776300518e-11 
 2061       3.131483436534e-11 
 2062       3.128025745712e-11 
 2063       3.124401870145e-11 
 2064       3.120610447998e-11 
 2065       3.116650538168e-11 
 2066       3.112522897568e-11 
 2067       3.108228712890e-11 
 2068       3.103769176768e-11 
 2069       3.099145487787e-11 
 2070       3.094358850492e-11 
 2071       3.089410475394e-11 
 2072       3.084301578977e-11 
 2073       3.079033383707e-11 
 2074       3.073607118041e-11 
 2075       3.068024016431e-11 
 2076       3.062285319336e-11 
 2077       3.056392273225e-11 
 2078       3.050346130591e-11 
 2079       3.044148149951e-11 
 2080       3.037799595861e-11 
 2081       3.031301738919e-11 
 2082       3.024655855775e-11 
 2083       3.017863229136e-11 
 2084       3.010925147779e-11 
 2085       3.003842906551e-11 
 2086       2.996617806385e-11 
 2087       2.989251154301e-11 
 2088       2.981744263418e-11 
 2089       2.974098452960e-11 
 2090       2.966315048264e-11 
 2091       2.958395380787e-11 
 2092       2.950340788114e-11 
 2093       2.942152613968e-11 
 2094       2.933832208213e-11 
 2095       2.925380926866e-11 
 2096       2.916800132105e-11 
 2097       2.908091192270e-11 
 2098       2.899255481881e-11 
 2099       2.890294381638e-11 
 2100       2.881209278429e-11 
 2101       2.872001565343e-11 
 2102       2.862672641673e-11 
 2103       2.853223912925e-11 
 2104       2.843656979646e-11 
 2105       2.833974205326e-11 
 2106       2.824178152460e-11 
 2107       2.814271394106e-11 
 2108       2.804256513888e-11 
 2109       2.794136106020e-11 
 2110       2.783912775309e-11 
 2111       2.773589137175e-11 
 2112       2.763167817660e-11 
 2113       2.752651453442e-11 
 2114       2.742042691847e-11 
 2115       2.731344190864e-11 
 2116       2.720558619154e-11 
 2117       2.709688656068e-11 
 2118       2.698736991656e-11 
 2119       2.687706326678e-11 
 2120       2.676599372624e-11 
 2121       2.665418851721e-11 
 2122       2.654167496945e-11 
 2123       2.642848052039e-11 
 2124       2.631463271522e-11 
 2125       2.620015920702e-11 
 2126       2.608508775691e-11 
 2127       2.596944623416e-11 
 2128       2.585326261632e-11 
 2129       2.573656498934e-11 
 2130       2.561938154774e-11 
 2131       2.550174059468e-11 
 2132       2.538367054213e-11 
 2133       2.526519991097e-11 
 2134       2.514635733115e-11 
 2135       2.502717154179e-11 
 2136       2.490767139132e-11 
 2137       2.478788583762e-11 
 2138       2.466784394812e-11 
 2139       2.454757489995e-11 
 2140       2.442710798006e-11 
 2141       2.430647258536e-11 
 2142       2.418569822282e-11 
 2143       2.406481347763e-11 
 2144       2.394384290957e-11 
 2145       2.382281013567e-11 
 2146       2.370173886041e-11 
 2147       2.358065287579e-11 
 2148       2.345957606147e-11 
 2149       2.333853238486e-11 
 2150       2.321754590118e-11 
 2151       2.309664075364e-11 
 2152       2.297584117346e-11 
 2153       2.285517148002e-11 
 2154       2.273465608097e-11 
 2155       2.261431947229e-11 
 2156       2.249418623840e-11 
 2157       2.237428105231e-11 
 2158       2.225462867566e-11 
 2159       2.213525395884e-11 
 2160       2.201618184112e-11 
 2161       2.189743735073e-11 
 2162       2.177904560492e-11 
 2163       2.166103181016e-11 
 2164       2.154342126214e-11 
 2165       2.142623934592e-11 
 2166       2.130951153605e-11 
 2167       2.119326339663e-11 
 2168       2.107752058143e-11 
 2169       2.096230883398e-11 
 2170       2.084765398770e-11 
 2171       2.073358196597e-11 
 2172       2.062011878225e-11 
 2173       2.050729054017e-11 
 2174       2.039512343364e-11 
 2175       2.028364374695e-11 
 2176       2.017287785487e-11 
 2177       2.006285222274e-11 
 2178       1.995359340659e-11 
 2179       1.984512805323e-11 
 2180       1.973748290036e-11 
 2181       1.963068477667e-11 
 2182       1.952475770737e-11 
 2183       1.941971420951e-11 
 2184       1.931556393844e-11 
 2185       1.921231657716e-11 
 2186       1.910998183630e-11 
 2187       1.900856945415e-11 
 2188       1.890808919673e-11 
 2189       1.880855085775e-11 
 2190       1.870996425871e-11 
 2191       1.861233924888e-11 
 2192       1.851568570535e-11 
 2193       1.842001353303e-11 
 2194       1.832533266473e-11 
 2195       1.823165306114e-11 
 2196       1.813898471089e-11 
 2197       1.804733763056e-11 
 2198       1.795672186471e-11 
 2199       1.786714748592e-11 
 2200       1.777862459480e-11 
 2201       1.769116332004e-11 
 2202       1.760477381843e-11 
 2203       1.751946627487e-11 
 2204       1.743525090243e-11 
 2205       1.735213794235e-11 
 2206       1.727013766410e-11 
 2207       1.718926036538e-11 
 2208       1.710951637215e-11 
 2209       1.703091603867e-11 
 2210       1.695346974754e-11 
 2211       1.687718790970e-11 
 2212       1.680208096448e-11 
 2213       1.672815937960e-11 
 2214       1.665543365125e-11 
 2215       1.658391430406e-11 
 2216       1.651361189118e-11 
 2217       1.644453699425e-11 
 2218       1.637670022351e-11 
 2219       1.631011221773e-11 
 2220       1.624478364433e-11 
 2221       1.618072230495e-11 
 2222       1.611792443149e-11 
 2223       1.605638333279e-11 
 2224       1.599609228373e-11 
 2225       1.593704452526e-11 
 2226       1.587923326427e-11 
 2227       1.582265167365e-11 
 2228       1.576729289215e-11 
 2229       1.571315002440e-11 
 2230       1.566021614084e-11 
 2231       1.560848427770e-11 
 2232       1.555794743693e-11 
 2233       1.550859858620e-11 
 2234       1.546043065879e-11 
 2235       1.541343655364e-11 
 2236       1.536760913521e-11 
 2237       1.532294123352e-11 
 2238       1.527942564406e-11 
 2239       1.523705512776e-11 
 2240       1.519582241095e-11 
 2241       1.515572018533e-11 
 2242       1.511674110790e-11 
 2243       1.507887780094e-11 
 2244       1.504212285196e-11 
 2245       1.500646881367e-11 
 2246       1.497190820392e-11 
 2247       1.493843350567e-11 
 2248       1.490603716694e-11 
 2249       1.487471160076e-11 
 2250       1.484444918517e-11 
 2251       1.481524226313e-11 
 2252       1.478708314250e-11 
 2253       1.475996409599e-11 
 2254       1.473387736112e-11 
 2255       1.470881514019e-11 
 2256       1.468476960023e-11 
 2257       1.466173287295e-11 
 2258       1.463969705470e-11 
 2259       1.461865420645e-11 
 2260       1.459859497001e-11 
 2261       1.457950440717e-11 
 2262       1.456136613354e-11 
 2263       1.454416369972e-11 
 2264       1.452788059127e-11 
 2265       1.451250022856e-11 
 2266       1.449800596676e-11 
 2267       1.448438109574e-11 
 2268       1.447160884001e-11 
 2269       1.445967235862e-11 
 2270       1.444855474510e-11 
 2271       1.443823902739e-11 
 2272       1.442870816777e-11 
 2273       1.441994506275e-11 
 2274       1.441193254306e-11 
 2275       1.440465337350e-11 
 2276       1.439809025293e-11 
 2277       1.439222581417e-11 
 2278       1.438704262389e-11 
 2279       1.438252318261e-11 
 2280       1.437864992457e-11 
 2281       1.437540521766e-11 
 2282       1.437277136338e-11 
 2283       1.437073059671e-11 
 2284       1.436926508611e-11 
 2285       1.436835693337e-11 
 2286       1.436798817357e-11 
 2287       1.436814077503e-11 
 2288       1.436879663918e-11 
 2289       1.436993760053e-11 
 2290       1.437154542659e-11 
 2291       1.437360181776e-11 
 2292       1.437608840730e-11 
 2293       1.437898676125e-11 
 2294       1.438227837831e-11 
 2295       1.438594468983e-11 
 2296       1.438996705969e-11 
 2297       1.439432678424e-11 
 2298       1.439900509222e-11 
 2299       1.440398370446e-11 
 2300       1.440924651700e-11 
 2301       1.441477792853e-11 
 2302       1.442056228152e-11 
 2303       1.442658386222e-11 
 2304       1.443282690052e-11 
 2305       1.443927556995e-11 
 2306       1.444591398760e-11 
 2307       1.445272621403e-11 
 2308       1.445969625325e-11 
 2309       1.446680805265e-11 
 2310       1.447404550289e-11 
 2311       1.448139243791e-11 
 2312       1.448883263484e-11 
 2313       1.449634981390e-11 
 2314       1.450392763840e-11 
 2315       1.451154971464e-11 
 2316       1.451919959186e-11 
 2317       1.452686076217e-11 
 2318       1.453451666049e-11 
 2319       1.454215066452e-11 
 2320       1.454974609462e-11 
 2321       1.455728621379e-11 
 2322       1.456475422761e-11 
 2323       1.457213328414e-11 
 2324       1.457940647390e-11 
 2325       1.458655682981e-11 
 2326       1.459356732706e-11 
 2327       1.460042088315e-11 
 2328       1.460710035776e-11 
 2329       1.461358855268e-11 
 2330       1.461986821182e-11 
 2331       1.462592202106e-11 
 2332       1.463173260824e-11 
 2333       1.463728254312e-11 
 2334       1.464255433724e-11 
 2335       1.464753044393e-11 
 2336       1.465219325822e-11 
 2337       1.465652511678e-11 
 2338       1.466051012606e-11 
 2339       1.466413965933e-11 
 2340       1.466740689396e-11 
 2341       1.467030498629e-11 
 2342       1.467282707161e-11 
 2343       1.467496626418e-11 
 2344       1.467671565716e-11 
 2345       1.467806832260e-11 
 2346       1.467901731145e-11 
 2347       1.467955565350e-11 
 2348       1.467967635736e-11 
 2349       1.467937241048e-11 
 2350       1.467863677908e-11 
 2351       1.467746240814e-11 
 2352       1.467584222141e-11 
 2353       1.467376912134e-11 
 2354       1.467123598911e-11 
 2355       1.466823568455e-11 
 2356       1.466476104617e-11 
 2357       1.466080489112e-11 
 2358       1.465636001514e-11 
 2359       1.465141919260e-11 
 2360       1.464597517642e-11 
 2361       1.464002069808e-11 
 2362       1.463354846758e-11 
 2363       1.462655117344e-11 
 2364       1.461902148266e-11 
 2365       1.461095204071e-11 
 2366       1.460233547149e-11 
 2367       1.459316437734e-11 
 2368       1.458343133899e-11 
 2369       1.457312891554e-11 
 2370       1.456224964446e-11 
 2371       1.455078604156e-11 
 2372       1.453873060094e-11 
 2373       1.452607579500e-11 
 2374       1.451281407443e-11 
 2375       1.449893786815e-11 
 2376       1.448443958331e-11 
 2377       1.446931349728e-11 
 2378       1.445356144640e-11 
 2379       1.443718717223e-11 
 2380       1.442019443273e-11 
 2381       1.440258700228e-11 
 2382       1.438436867172e-11 
 2383       1.436554324832e-11 
 2384       1.434611455584e-11 
 2385       1.432608643453e-11 
 2386       1.430546274117e-11 
 2387       1.428424734906e-11 
 2388       1.426244414804e-11 
 2389       1.424005704455e-11 
 2390       1.421708996158e-11 
 2391       1.419354683877e-11 
 2392       1.416943163234e-11 
 2393       1.414474831520e-11 
 2394       1.411950087688e-11 
 2395       1.409369332361e-11 
 2396       1.406732967834e-11 
 2397       1.404041398069e-11 
 2398       1.401295028706e-11 
 2399       1.398494267059e-11 
 2400       1.395639522118e-11 
 2401       1.392731204555e-11 
 2402       1.389769726720e-11 
 2403       1.386755502648e-11 
 2404       1.383688948059e-11 
 2405       1.380570480357e-11 
 2406       1.377400518639e-11 
 2407       1.374179483687e-11 
 2408       1.370907797978e-11 
 2409       1.367585885685e-11 
 2410       1.364214172673e-11 
 2411       1.360793086507e-11 
 2412       1.357323056450e-11 
 2413       1.353804513469e-11 
 2414       1.350237890233e-11 
 2415       1.346623621115e-11 
 2416       1.342962234356e-11 
 2417       1.339254629161e-11 
 2418       1.335501800284e-11 
 2419       1.331704746023e-11 
 2420       1.327864468231e-11 
 2421       1.323981972310e-11 
 2422       1.320058267222e-11 
 2423       1.316094365489e-11 
 2424       1.312091283200e-11 
 2425       1.308050040010e-11 
 2426       1.303971659148e-11 
 2427       1.299857167419e-11 
 2428       1.295707595208e-11 
 2429       1.291523976484e-11 
 2430       1.287307348802e-11 
 2431       1.283058753310e-11 
 2432       1.278779234750e-11 
 2433       1.274469841463e-11 
 2434       1.270131625393e-11 
 2435       1.265765642088e-11 
 2436       1.261372950708e-11 
 2437       1.256954614026e-11 
 2438       1.252511698433e-11 
 2439       1.248045273940e-11 
 2440       1.243556414185e-11 
 2441       1.239046196432e-11 
 2442       1.234515701579e-11 
 2443       1.229966014160e-11 
 2444       1.225398222349e-11 
 2445       1.220813417962e-11 
 2446       1.216212696466e-11 
 2447       1.211597156976e-11 
 2448       1.206967902263e-11 
 2449       1.202326038757e-11 
 2450       1.197672676548e-11 
 2451       1.193008929397e-11 
 2452       1.188335914729e-11 
 2453       1.183654753648e-11 
 2454       1.178966570932e-11 
 2455       1.174272470189e-11 
 2456       1.169573459145e-11 
 2457       1.164870523917e-11 
 2458       1.160164653826e-11 
 2459       1.155456841406e-11 
 2460       1.150748082399e-11 
 2461       1.146039375766e-11 
 2462       1.141331723683e-11 
 2463       1.136626131552e-11 
 2464       1.131923607998e-11 
 2465       1.127225164875e-11 
 2466       1.122531817269e-11 
 2467       1.117844583501e-11 
 2468       1.113164485130e-11 
 2469       1.108492546957e-11 
 2470       1.103829797028e-11 
 2471       1.099177266637e-11 
 2472       1.094535990328e-11 
 2473       1.089907005900e-11 
 2474       1.085291354413e-11 
 2475       1.080690080183e-11 
 2476       1.076104230794e-11 
 2477       1.071534857096e-11 
 2478       1.066983013211e-11 
 2479       1.062449756534e-11 
 2480       1.057936147737e-11 
 2481       1.053443250774e-11 
 2482       1.048972132882e-11 
 2483       1.044523864585e-11 
 2484       1.040099519698e-11 
 2485       1.035700175329e-11 
 2486       1.031326911883e-11 
 2487       1.026980813065e-11 
 2488       1.022662965884e-11 
 2489       1.018374460654e-11 
 2490       1.014116391001e-11 
 2491       1.009889853863e-11 
 2492       1.005695949495e-11 
 2493       1.001535781470e-11 
 2494       9.974098568647e-12 
 2495       9.933162829502e-12 
 2496       9.892525599185e-12 
 2497       9.852161797341e-12 
 2498       9.812046261250e-12 
 2499       9.772153745750e-12 
 2500       9.732458923151e-12 
