# dimensionless total [l(l+1)/2pi] C_l's
# for l=2 to 2500, i.e. number of multipoles equal to 2499
#
# -> if you prefer output in CAMB/HealPix/LensPix units/order, set 'format' to 'camb' in input file
# -> if you don't want to see such a header, set 'headers' to 'no' in input file
#
# 1:l     2:TT                 
    2       1.384071300492e-10 
    3       1.308630442545e-10 
    4       1.237546760278e-10 
    5       1.184344806293e-10 
    6       1.147844433790e-10 
    7       1.123993584229e-10 
    8       1.110035372228e-10 
    9       1.103529940886e-10 
   10       1.102032008364e-10 
   11       1.105074485340e-10 
   12       1.111029883607e-10 
   13       1.119397057942e-10 
   14       1.129863498779e-10 
   15       1.142150226902e-10 
   16       1.155445380755e-10 
   17       1.170131264152e-10 
   18       1.185563624396e-10 
   19       1.201860835858e-10 
   20       1.218968261479e-10 
   21       1.236858638903e-10 
   22       1.255218567348e-10 
   23       1.274141358012e-10 
   24       1.293627103256e-10 
   25       1.313641730359e-10 
   26       1.333997537891e-10 
   27       1.354703359713e-10 
   28       1.375734654572e-10 
   29       1.397174130066e-10 
   30       1.419016865569e-10 
   31       1.441153423980e-10 
   32       1.463620207547e-10 
   33       1.486416433800e-10 
   34       1.509469364534e-10 
   35       1.532786413320e-10 
   36       1.556338572933e-10 
   37       1.580057154819e-10 
   38       1.603991848871e-10 
   39       1.628193558361e-10 
   40       1.652665294506e-10 
   41       1.677381485774e-10 
   42       1.702366235616e-10 
   43       1.727631599145e-10 
   44       1.753151606966e-10 
   45       1.778883664520e-10 
   46       1.804848919312e-10 
   47       1.831069755584e-10 
   48       1.857544730448e-10 
   49       1.884246390912e-10 
   50       1.911140090656e-10 
   51       1.938251526211e-10 
   52       1.965613759315e-10 
   53       1.993246652978e-10 
   54       2.021155676736e-10 
   55       2.049338854063e-10 
   56       2.077812362706e-10 
   57       2.106589201327e-10 
   58       2.135670746117e-10 
   59       2.165045873272e-10 
   60       2.194690081474e-10 
   61       2.224577440964e-10 
   62       2.254721560178e-10 
   63       2.285142299180e-10 
   64       2.315853293261e-10 
   65       2.346861482396e-10 
   66       2.378166640696e-10 
   67       2.409760905868e-10 
   68       2.441635272666e-10 
   69       2.473801652922e-10 
   70       2.506274460690e-10 
   71       2.539063756557e-10 
   72       2.572174955200e-10 
   73       2.605608532958e-10 
   74       2.639359735387e-10 
   75       2.673418284827e-10 
   76       2.707773891443e-10 
   77       2.742434592990e-10 
   78       2.777411243630e-10 
   79       2.812711836524e-10 
   80       2.848341330395e-10 
   81       2.884301476101e-10 
   82       2.920590643199e-10 
   83       2.957203646517e-10 
   84       2.994134742232e-10 
   85       3.031387566689e-10 
   86       3.068966534909e-10 
   87       3.106873699185e-10 
   88       3.145108628912e-10 
   89       3.183668290431e-10 
   90       3.222546926861e-10 
   91       3.261735937943e-10 
   92       3.301223759869e-10 
   93       3.340999401413e-10 
   94       3.381063921662e-10 
   95       3.421420464398e-10 
   96       3.462070686589e-10 
   97       3.503014688413e-10 
   98       3.544250943289e-10 
   99       3.585776227898e-10 
  100       3.627585552216e-10 
  101       3.669672089535e-10 
  102       3.712027106492e-10 
  103       3.754639893095e-10 
  104       3.797500009618e-10 
  105       3.840604523666e-10 
  106       3.883951624831e-10 
  107       3.927538351150e-10 
  108       3.971360544593e-10 
  109       4.015412806545e-10 
  110       4.059688453300e-10 
  111       4.104179471540e-10 
  112       4.148876473828e-10 
  113       4.193768654090e-10 
  114       4.238843743103e-10 
  115       4.284087963984e-10 
  116       4.329487992189e-10 
  117       4.375037201026e-10 
  118       4.420730095426e-10 
  119       4.466560348871e-10 
  120       4.512520776605e-10 
  121       4.558603308844e-10 
  122       4.604798963986e-10 
  123       4.651097821819e-10 
  124       4.697488996737e-10 
  125       4.743960610943e-10 
  126       4.790499767663e-10 
  127       4.837092524354e-10 
  128       4.883723865919e-10 
  129       4.930379202246e-10 
  130       4.977049103504e-10 
  131       5.023725036110e-10 
  132       5.070397869228e-10 
  133       5.117057858889e-10 
  134       5.163694632107e-10 
  135       5.210297170998e-10 
  136       5.256853796897e-10 
  137       5.303352154477e-10 
  138       5.349779195862e-10 
  139       5.396121164751e-10 
  140       5.442363580532e-10 
  141       5.488491222399e-10 
  142       5.534488113473e-10 
  143       5.580337504916e-10 
  144       5.626023235665e-10 
  145       5.671533996237e-10 
  146       5.716859457042e-10 
  147       5.761988922610e-10 
  148       5.806911323614e-10 
  149       5.851615208893e-10 
  150       5.896088737476e-10 
  151       5.940319670605e-10 
  152       5.984295363758e-10 
  153       6.028002758675e-10 
  154       6.071428375379e-10 
  155       6.114558304199e-10 
  156       6.157378197797e-10 
  157       6.199873263187e-10 
  158       6.242028253762e-10 
  159       6.283827461314e-10 
  160       6.325254708063e-10 
  161       6.366294444641e-10 
  162       6.406935169927e-10 
  163       6.447166299803e-10 
  164       6.486977085523e-10 
  165       6.526356610823e-10 
  166       6.565293789036e-10 
  167       6.603777360201e-10 
  168       6.641795888175e-10 
  169       6.679337757748e-10 
  170       6.716391171750e-10 
  171       6.752944148168e-10 
  172       6.788984517254e-10 
  173       6.824499918640e-10 
  174       6.859477798445e-10 
  175       6.893905406395e-10 
  176       6.927769792925e-10 
  177       6.961057806300e-10 
  178       6.993756089721e-10 
  179       7.025851078438e-10 
  180       7.057329888302e-10 
  181       7.088183066430e-10 
  182       7.118402054149e-10 
  183       7.147978315593e-10 
  184       7.176903338107e-10 
  185       7.205168632634e-10 
  186       7.232765734115e-10 
  187       7.259686201883e-10 
  188       7.285921620058e-10 
  189       7.311463597943e-10 
  190       7.336303770418e-10 
  191       7.360433798338e-10 
  192       7.383845368924e-10 
  193       7.406530196161e-10 
  194       7.428480021196e-10 
  195       7.449686612725e-10 
  196       7.470141767398e-10 
  197       7.489837310207e-10 
  198       7.508765094886e-10 
  199       7.526917004303e-10 
  200       7.544284950856e-10 
  201       7.560861457854e-10 
  202       7.576641449113e-10 
  203       7.591620588099e-10 
  204       7.605794710539e-10 
  205       7.619159826529e-10 
  206       7.631712122650e-10 
  207       7.643447964076e-10 
  208       7.654363896690e-10 
  209       7.664456649193e-10 
  210       7.673723135221e-10 
  211       7.682160455453e-10 
  212       7.689765899725e-10 
  213       7.696536949145e-10 
  214       7.702471278200e-10 
  215       7.707566756873e-10 
  216       7.711821452753e-10 
  217       7.715233633147e-10 
  218       7.717801767196e-10 
  219       7.719524527984e-10 
  220       7.720400794649e-10 
  221       7.720429654499e-10 
  222       7.719610405125e-10 
  223       7.717942556509e-10 
  224       7.715426034606e-10 
  225       7.712061802244e-10 
  226       7.707851282239e-10 
  227       7.702796162094e-10 
  228       7.696898396586e-10 
  229       7.690160210367e-10 
  230       7.682584100547e-10 
  231       7.674172839291e-10 
  232       7.664929476412e-10 
  233       7.654857341959e-10 
  234       7.643960048812e-10 
  235       7.632241495274e-10 
  236       7.619705867662e-10 
  237       7.606357642899e-10 
  238       7.592201591106e-10 
  239       7.577242778196e-10 
  240       7.561486568465e-10 
  241       7.544938627182e-10 
  242       7.527604923183e-10 
  243       7.509491731465e-10 
  244       7.490605635774e-10 
  245       7.470953531198e-10 
  246       7.450542626763e-10 
  247       7.429380448020e-10 
  248       7.407474839639e-10 
  249       7.384833968003e-10 
  250       7.361466046083e-10 
  251       7.337378485121e-10 
  252       7.312578699013e-10 
  253       7.287074379672e-10 
  254       7.260873499088e-10 
  255       7.233984311387e-10 
  256       7.206415354892e-10 
  257       7.178175454186e-10 
  258       7.149273722172e-10 
  259       7.119719562133e-10 
  260       7.089522669795e-10 
  261       7.058693035386e-10 
  262       7.027240945698e-10 
  263       6.995176986149e-10 
  264       6.962512042841e-10 
  265       6.929257304623e-10 
  266       6.895424265153e-10 
  267       6.861024724957e-10 
  268       6.826070793490e-10 
  269       6.790574891199e-10 
  270       6.754549751582e-10 
  271       6.718008423250e-10 
  272       6.680964271987e-10 
  273       6.643430982812e-10 
  274       6.605422562039e-10 
  275       6.566953339339e-10 
  276       6.528037969802e-10 
  277       6.488691435994e-10 
  278       6.448929050022e-10 
  279       6.408765643528e-10 
  280       6.368213086987e-10 
  281       6.327282645901e-10 
  282       6.285985782103e-10 
  283       6.244334154562e-10 
  284       6.202339620203e-10 
  285       6.160014234720e-10 
  286       6.117370253385e-10 
  287       6.074420131868e-10 
  288       6.031176527046e-10 
  289       5.987652297818e-10 
  290       5.943860505918e-10 
  291       5.899814416730e-10 
  292       5.855527500100e-10 
  293       5.811013431151e-10 
  294       5.766286091095e-10 
  295       5.721359568048e-10 
  296       5.676248157842e-10 
  297       5.630966364840e-10 
  298       5.585528902750e-10 
  299       5.539950695435e-10 
  300       5.494246877733e-10 
  301       5.448432796263e-10 
  302       5.402524010244e-10 
  303       5.356536292308e-10 
  304       5.310485629311e-10 
  305       5.264388223148e-10 
  306       5.218260491567e-10 
  307       5.172119068983e-10 
  308       5.125980807288e-10 
  309       5.079862776671e-10 
  310       5.033782266425e-10 
  311       4.987756785765e-10 
  312       4.941802871155e-10 
  313       4.895932445464e-10 
  314       4.850156291468e-10 
  315       4.804485229448e-10 
  316       4.758930116545e-10 
  317       4.713501846098e-10 
  318       4.668211347000e-10 
  319       4.623069583036e-10 
  320       4.578087552239e-10 
  321       4.533276286229e-10 
  322       4.488646849567e-10 
  323       4.444210339095e-10 
  324       4.399977883289e-10 
  325       4.355960641604e-10 
  326       4.312169803818e-10 
  327       4.268616589385e-10 
  328       4.225312246777e-10 
  329       4.182268052831e-10 
  330       4.139495312102e-10 
  331       4.097005356202e-10 
  332       4.054809543151e-10 
  333       4.012919256726e-10 
  334       3.971345905804e-10 
  335       3.930100923710e-10 
  336       3.889195767568e-10 
  337       3.848641917641e-10 
  338       3.808450876684e-10 
  339       3.768634169289e-10 
  340       3.729203341230e-10 
  341       3.690169958812e-10 
  342       3.651545608221e-10 
  343       3.613341894864e-10 
  344       3.575570442721e-10 
  345       3.538242893693e-10 
  346       3.501370906943e-10 
  347       3.464966158251e-10 
  348       3.429040339353e-10 
  349       3.393604150142e-10 
  350       3.358664230383e-10 
  351       3.324226099269e-10 
  352       3.290295149433e-10 
  353       3.256876645313e-10 
  354       3.223975721502e-10 
  355       3.191597381111e-10 
  356       3.159746494125e-10 
  357       3.128427795757e-10 
  358       3.097645884813e-10 
  359       3.067405222043e-10 
  360       3.037710128500e-10 
  361       3.008564783900e-10 
  362       2.979973224979e-10 
  363       2.951939343847e-10 
  364       2.924466886351e-10 
  365       2.897559450428e-10 
  366       2.871220484464e-10 
  367       2.845453285655e-10 
  368       2.820260998359e-10 
  369       2.795646612456e-10 
  370       2.771612961707e-10 
  371       2.748162722110e-10 
  372       2.725298410258e-10 
  373       2.703022381697e-10 
  374       2.681336829282e-10 
  375       2.660243781536e-10 
  376       2.639745101009e-10 
  377       2.619842482630e-10 
  378       2.600537452073e-10 
  379       2.581831364108e-10 
  380       2.563725400959e-10 
  381       2.546220570665e-10 
  382       2.529317705438e-10 
  383       2.513017460013e-10 
  384       2.497320310015e-10 
  385       2.482226550313e-10 
  386       2.467736293373e-10 
  387       2.453849467625e-10 
  388       2.440565652588e-10 
  389       2.427883580831e-10 
  390       2.415801614165e-10 
  391       2.404317903414e-10 
  392       2.393430386644e-10 
  393       2.383136787393e-10 
  394       2.373434612896e-10 
  395       2.364321152315e-10 
  396       2.355793474966e-10 
  397       2.347848428546e-10 
  398       2.340482637362e-10 
  399       2.333692500556e-10 
  400       2.327474190340e-10 
  401       2.321823650214e-10 
  402       2.316736593201e-10 
  403       2.312208500073e-10 
  404       2.308234617578e-10 
  405       2.304809956667e-10 
  406       2.301929290724e-10 
  407       2.299587153794e-10 
  408       2.297777838807e-10 
  409       2.296495395810e-10 
  410       2.295733630193e-10 
  411       2.295486100918e-10 
  412       2.295746118744e-10 
  413       2.296506744458e-10 
  414       2.297760787101e-10 
  415       2.299500802197e-10 
  416       2.301719089980e-10 
  417       2.304407693620e-10 
  418       2.307558397455e-10 
  419       2.311162725217e-10 
  420       2.315211938256e-10 
  421       2.319697033776e-10 
  422       2.324608743054e-10 
  423       2.329937529674e-10 
  424       2.335673587751e-10 
  425       2.341806840162e-10 
  426       2.348326936772e-10 
  427       2.355224082759e-10 
  428       2.362491558240e-10 
  429       2.370123280883e-10 
  430       2.378112982333e-10 
  431       2.386454206983e-10 
  432       2.395140310747e-10 
  433       2.404164459834e-10 
  434       2.413519629518e-10 
  435       2.423198602917e-10 
  436       2.433193969757e-10 
  437       2.443498125154e-10 
  438       2.454103268381e-10 
  439       2.465001401641e-10 
  440       2.476184328843e-10 
  441       2.487643654373e-10 
  442       2.499370781867e-10 
  443       2.511356912984e-10 
  444       2.523593046178e-10 
  445       2.536069975472e-10 
  446       2.548778289232e-10 
  447       2.561708368936e-10 
  448       2.574850387952e-10 
  449       2.588194310304e-10 
  450       2.601729889454e-10 
  451       2.615446667066e-10 
  452       2.629333971785e-10 
  453       2.643380918006e-10 
  454       2.657576404650e-10 
  455       2.671909113933e-10 
  456       2.686367510144e-10 
  457       2.700939838414e-10 
  458       2.715614123488e-10 
  459       2.730378168503e-10 
  460       2.745219553755e-10 
  461       2.760125635477e-10 
  462       2.775083544607e-10 
  463       2.790080185564e-10 
  464       2.805102235020e-10 
  465       2.820136140675e-10 
  466       2.835169534604e-10 
  467       2.850195524342e-10 
  468       2.865208533264e-10 
  469       2.880202897660e-10 
  470       2.895172866294e-10 
  471       2.910112599950e-10 
  472       2.925016170987e-10 
  473       2.939877562897e-10 
  474       2.954690669851e-10 
  475       2.969449296252e-10 
  476       2.984147156296e-10 
  477       2.998777873515e-10 
  478       3.013334980335e-10 
  479       3.027811917630e-10 
  480       3.042202034270e-10 
  481       3.056498586679e-10 
  482       3.070694738386e-10 
  483       3.084783559575e-10 
  484       3.098758026643e-10 
  485       3.112611021750e-10 
  486       3.126335332372e-10 
  487       3.139923650853e-10 
  488       3.153368573961e-10 
  489       3.166662602438e-10 
  490       3.179798140553e-10 
  491       3.192767495657e-10 
  492       3.205562877733e-10 
  493       3.218176398954e-10 
  494       3.230600073228e-10 
  495       3.242825815758e-10 
  496       3.254845442590e-10 
  497       3.266650670171e-10 
  498       3.278233114897e-10 
  499       3.289584292667e-10 
  500       3.300695618438e-10 
  501       3.311558405777e-10 
  502       3.322163866412e-10 
  503       3.332503109787e-10 
  504       3.342567142615e-10 
  505       3.352348175736e-10 
  506       3.361843587019e-10 
  507       3.371052071744e-10 
  508       3.379972345794e-10 
  509       3.388603145814e-10 
  510       3.396943229380e-10 
  511       3.404991375170e-10 
  512       3.412746383125e-10 
  513       3.420207074619e-10 
  514       3.427372292625e-10 
  515       3.434240901883e-10 
  516       3.440811789064e-10 
  517       3.447083862939e-10 
  518       3.453056054547e-10 
  519       3.458727317359e-10 
  520       3.464096627445e-10 
  521       3.469162983643e-10 
  522       3.473925407724e-10 
  523       3.478382944562e-10 
  524       3.482534662294e-10 
  525       3.486379652495e-10 
  526       3.489917030338e-10 
  527       3.493145934765e-10 
  528       3.496065528652e-10 
  529       3.498674998978e-10 
  530       3.500973556988e-10 
  531       3.502960438363e-10 
  532       3.504634903385e-10 
  533       3.505996237107e-10 
  534       3.507043749513e-10 
  535       3.507776775694e-10 
  536       3.508194676007e-10 
  537       3.508296836246e-10 
  538       3.508082667807e-10 
  539       3.507551607856e-10 
  540       3.506703119495e-10 
  541       3.505536691929e-10 
  542       3.504051840634e-10 
  543       3.502248107521e-10 
  544       3.500125667435e-10 
  545       3.497687165135e-10 
  546       3.494935927802e-10 
  547       3.491875363560e-10 
  548       3.488508961895e-10 
  549       3.484840294063e-10 
  550       3.480873013504e-10 
  551       3.476610856255e-10 
  552       3.472057641361e-10 
  553       3.467217271286e-10 
  554       3.462093732328e-10 
  555       3.456691095031e-10 
  556       3.451013514594e-10 
  557       3.445065231286e-10 
  558       3.438850570858e-10 
  559       3.432373944955e-10 
  560       3.425639851528e-10 
  561       3.418652875246e-10 
  562       3.411417687908e-10 
  563       3.403939048856e-10 
  564       3.396221805388e-10 
  565       3.388270893168e-10 
  566       3.380091336640e-10 
  567       3.371688249439e-10 
  568       3.363066834805e-10 
  569       3.354232385992e-10 
  570       3.345190286685e-10 
  571       3.335946011407e-10 
  572       3.326505125935e-10 
  573       3.316873287712e-10 
  574       3.307056246256e-10 
  575       3.297059843576e-10 
  576       3.286890014581e-10 
  577       3.276552787497e-10 
  578       3.266054284272e-10 
  579       3.255400720996e-10 
  580       3.244598408306e-10 
  581       3.233653751806e-10 
  582       3.222573252471e-10 
  583       3.211363248732e-10 
  584       3.200029134788e-10 
  585       3.188576123580e-10 
  586       3.177009503675e-10 
  587       3.165334639588e-10 
  588       3.153556972104e-10 
  589       3.141682018598e-10 
  590       3.129715373357e-10 
  591       3.117662707900e-10 
  592       3.105529771302e-10 
  593       3.093322390512e-10 
  594       3.081046470675e-10 
  595       3.068707995454e-10 
  596       3.056313027352e-10 
  597       3.043867708030e-10 
  598       3.031378258630e-10 
  599       3.018850980099e-10 
  600       3.006292253505e-10 
  601       2.993708540361e-10 
  602       2.981106382947e-10 
  603       2.968492404628e-10 
  604       2.955873310179e-10 
  605       2.943255886104e-10 
  606       2.930647000956e-10 
  607       2.918053605662e-10 
  608       2.905482733841e-10 
  609       2.892941502124e-10 
  610       2.880437110480e-10 
  611       2.867976842533e-10 
  612       2.855568065886e-10 
  613       2.843218232438e-10 
  614       2.830934878710e-10 
  615       2.818725626164e-10 
  616       2.806598181524e-10 
  617       2.794560337097e-10 
  618       2.782619971094e-10 
  619       2.770785047954e-10 
  620       2.759063618660e-10 
  621       2.747463821067e-10 
  622       2.735993055457e-10 
  623       2.724655489377e-10 
  624       2.713454494990e-10 
  625       2.702393468607e-10 
  626       2.691475830753e-10 
  627       2.680705026231e-10 
  628       2.670084524194e-10 
  629       2.659617818202e-10 
  630       2.649308426295e-10 
  631       2.639159891054e-10 
  632       2.629175779670e-10 
  633       2.619359684009e-10 
  634       2.609715220675e-10 
  635       2.600246031081e-10 
  636       2.590955781509e-10 
  637       2.581848163180e-10 
  638       2.572926892319e-10 
  639       2.564195710218e-10 
  640       2.555658383305e-10 
  641       2.547318703210e-10 
  642       2.539180486827e-10 
  643       2.531247576385e-10 
  644       2.523523839507e-10 
  645       2.516013169283e-10 
  646       2.508719484332e-10 
  647       2.501646728868e-10 
  648       2.494798872764e-10 
  649       2.488179911623e-10 
  650       2.481793866838e-10 
  651       2.475644785663e-10 
  652       2.469736741273e-10 
  653       2.464073832836e-10 
  654       2.458660185573e-10 
  655       2.453499950827e-10 
  656       2.448597306130e-10 
  657       2.443956455265e-10 
  658       2.439581628334e-10 
  659       2.435477081824e-10 
  660       2.431647098672e-10 
  661       2.428095171775e-10 
  662       2.424821534617e-10 
  663       2.421825576319e-10 
  664       2.419106653106e-10 
  665       2.416664088147e-10 
  666       2.414497171399e-10 
  667       2.412605159449e-10 
  668       2.410987275354e-10 
  669       2.409642708484e-10 
  670       2.408570614366e-10 
  671       2.407770114521e-10 
  672       2.407240296308e-10 
  673       2.406980212769e-10 
  674       2.406988882467e-10 
  675       2.407265289327e-10 
  676       2.407808382483e-10 
  677       2.408617076115e-10 
  678       2.409690249292e-10 
  679       2.411026745816e-10 
  680       2.412625374061e-10 
  681       2.414484906815e-10 
  682       2.416604081126e-10 
  683       2.418981598137e-10 
  684       2.421616122935e-10 
  685       2.424506284387e-10 
  686       2.427650674985e-10 
  687       2.431047850687e-10 
  688       2.434696330759e-10 
  689       2.438594597617e-10 
  690       2.442741096669e-10 
  691       2.447134236154e-10 
  692       2.451772386990e-10 
  693       2.456653882608e-10 
  694       2.461777018803e-10 
  695       2.467140053566e-10 
  696       2.472741206933e-10 
  697       2.478578660824e-10 
  698       2.484650558886e-10 
  699       2.490955006333e-10 
  700       2.497489742672e-10 
  701       2.504251152719e-10 
  702       2.511235234666e-10 
  703       2.518437925098e-10 
  704       2.525855098756e-10 
  705       2.533482568297e-10 
  706       2.541316084054e-10 
  707       2.549351333804e-10 
  708       2.557583942522e-10 
  709       2.566009472149e-10 
  710       2.574623421351e-10 
  711       2.583421225281e-10 
  712       2.592398255343e-10 
  713       2.601549818949e-10 
  714       2.610871159286e-10 
  715       2.620357455077e-10 
  716       2.630003820339e-10 
  717       2.639805304149e-10 
  718       2.649756890403e-10 
  719       2.659853497581e-10 
  720       2.670089978507e-10 
  721       2.680461120109e-10 
  722       2.690961643184e-10 
  723       2.701586202158e-10 
  724       2.712329384849e-10 
  725       2.723185712229e-10 
  726       2.734149638183e-10 
  727       2.745215549274e-10 
  728       2.756377764504e-10 
  729       2.767630535077e-10 
  730       2.778968044155e-10 
  731       2.790384406630e-10 
  732       2.801873668876e-10 
  733       2.813429808517e-10 
  734       2.825046734186e-10 
  735       2.836718285288e-10 
  736       2.848438231762e-10 
  737       2.860200273842e-10 
  738       2.871998041819e-10 
  739       2.883825407918e-10 
  740       2.895677429166e-10 
  741       2.907549422660e-10 
  742       2.919436654972e-10 
  743       2.931334341975e-10 
  744       2.943237648679e-10 
  745       2.955141689056e-10 
  746       2.967041525873e-10 
  747       2.978932170524e-10 
  748       2.990808582854e-10 
  749       3.002665670998e-10 
  750       3.014498291204e-10 
  751       3.026301247668e-10 
  752       3.038069292360e-10 
  753       3.049797124860e-10 
  754       3.061479392184e-10 
  755       3.073110688614e-10 
  756       3.084685555533e-10 
  757       3.096198481250e-10 
  758       3.107643900833e-10 
  759       3.119016195938e-10 
  760       3.130309694643e-10 
  761       3.141518671273e-10 
  762       3.152637346234e-10 
  763       3.163659885842e-10 
  764       3.174580402153e-10 
  765       3.185392952795e-10 
  766       3.196091540797e-10 
  767       3.206670114419e-10 
  768       3.217122566984e-10 
  769       3.227442736705e-10 
  770       3.237624406519e-10 
  771       3.247661303918e-10 
  772       3.257547100774e-10 
  773       3.267275413173e-10 
  774       3.276839801247e-10 
  775       3.286233769000e-10 
  776       3.295450764143e-10 
  777       3.304484177919e-10 
  778       3.313328055248e-10 
  779       3.321979240094e-10 
  780       3.330435269989e-10 
  781       3.338693669344e-10 
  782       3.346751949418e-10 
  783       3.354607608287e-10 
  784       3.362258130820e-10 
  785       3.369700988643e-10 
  786       3.376933640117e-10 
  787       3.383953530304e-10 
  788       3.390758090940e-10 
  789       3.397344740406e-10 
  790       3.403710883699e-10 
  791       3.409853912401e-10 
  792       3.415771204654e-10 
  793       3.421460125127e-10 
  794       3.426918024989e-10 
  795       3.432142241879e-10 
  796       3.437130099879e-10 
  797       3.441878909483e-10 
  798       3.446385967567e-10 
  799       3.450648557363e-10 
  800       3.454663948428e-10 
  801       3.458429396616e-10 
  802       3.461942144047e-10 
  803       3.465199419080e-10 
  804       3.468198436284e-10 
  805       3.470936396407e-10 
  806       3.473410486350e-10 
  807       3.475617879136e-10 
  808       3.477555733878e-10 
  809       3.479221195758e-10 
  810       3.480611395991e-10 
  811       3.481723451797e-10 
  812       3.482554466374e-10 
  813       3.483101528870e-10 
  814       3.483361714349e-10 
  815       3.483332083767e-10 
  816       3.483009683941e-10 
  817       3.482392221263e-10 
  818       3.481480096103e-10 
  819       3.480274404686e-10 
  820       3.478776268736e-10 
  821       3.476986835568e-10 
  822       3.474907278177e-10 
  823       3.472538795333e-10 
  824       3.469882611669e-10 
  825       3.466939977780e-10 
  826       3.463712170306e-10 
  827       3.460200492032e-10 
  828       3.456406271974e-10 
  829       3.452330865475e-10 
  830       3.447975654294e-10 
  831       3.443342046701e-10 
  832       3.438431477566e-10 
  833       3.433245408452e-10 
  834       3.427785327707e-10 
  835       3.422052750558e-10 
  836       3.416049219199e-10 
  837       3.409776302886e-10 
  838       3.403235598028e-10 
  839       3.396428728278e-10 
  840       3.389357344627e-10 
  841       3.382023125494e-10 
  842       3.374427776819e-10 
  843       3.366573032155e-10 
  844       3.358460652759e-10 
  845       3.350092427686e-10 
  846       3.341470173878e-10 
  847       3.332595736258e-10 
  848       3.323470987822e-10 
  849       3.314097829730e-10 
  850       3.304478191398e-10 
  851       3.294614030592e-10 
  852       3.284507333515e-10 
  853       3.274160114906e-10 
  854       3.263574418126e-10 
  855       3.252752315253e-10 
  856       3.241696170115e-10 
  857       3.230409432130e-10 
  858       3.218895856188e-10 
  859       3.207159241064e-10 
  860       3.195203429560e-10 
  861       3.183032308634e-10 
  862       3.170649809540e-10 
  863       3.158059907959e-10 
  864       3.145266624135e-10 
  865       3.132274023012e-10 
  866       3.119086214366e-10 
  867       3.105707352942e-10 
  868       3.092141638589e-10 
  869       3.078393316393e-10 
  870       3.064466676813e-10 
  871       3.050366055819e-10 
  872       3.036095835020e-10 
  873       3.021660441807e-10 
  874       3.007064349482e-10 
  875       2.992312077395e-10 
  876       2.977408191080e-10 
  877       2.962357302389e-10 
  878       2.947164069626e-10 
  879       2.931833197683e-10 
  880       2.916369438176e-10 
  881       2.900777589579e-10 
  882       2.885062497357e-10 
  883       2.869229054104e-10 
  884       2.853282199676e-10 
  885       2.837226921328e-10 
  886       2.821068253847e-10 
  887       2.804811279687e-10 
  888       2.788461129106e-10 
  889       2.772022980299e-10 
  890       2.755502059531e-10 
  891       2.738903641280e-10 
  892       2.722233048360e-10 
  893       2.705495652068e-10 
  894       2.688696872311e-10 
  895       2.671841933257e-10 
  896       2.654935125653e-10 
  897       2.637980532739e-10 
  898       2.620982273747e-10 
  899       2.603944503994e-10 
  900       2.586871414985e-10 
  901       2.569767234507e-10 
  902       2.552636226731e-10 
  903       2.535482692310e-10 
  904       2.518310968472e-10 
  905       2.501125429128e-10 
  906       2.483930484961e-10 
  907       2.466730583530e-10 
  908       2.449530209368e-10 
  909       2.432333884077e-10 
  910       2.415146166429e-10 
  911       2.397971652465e-10 
  912       2.380814975591e-10 
  913       2.363680806680e-10 
  914       2.346573854165e-10 
  915       2.329498864143e-10 
  916       2.312460620469e-10 
  917       2.295463944857e-10 
  918       2.278513696979e-10 
  919       2.261614774558e-10 
  920       2.244772113475e-10 
  921       2.227990687860e-10 
  922       2.211275510194e-10 
  923       2.194631631405e-10 
  924       2.178064140971e-10 
  925       2.161578167012e-10 
  926       2.145178876393e-10 
  927       2.128871474821e-10 
  928       2.112661206944e-10 
  929       2.096553356448e-10 
  930       2.080553246156e-10 
  931       2.064666238126e-10 
  932       2.048897733751e-10 
  933       2.033253173857e-10 
  934       2.017737476179e-10 
  935       2.002353337972e-10 
  936       1.987102907056e-10 
  937       1.971988342057e-10 
  938       1.957011812426e-10 
  939       1.942175498459e-10 
  940       1.927481591317e-10 
  941       1.912932293052e-10 
  942       1.898529816623e-10 
  943       1.884276385918e-10 
  944       1.870174235778e-10 
  945       1.856225612016e-10 
  946       1.842432771436e-10 
  947       1.828797981859e-10 
  948       1.815323522140e-10 
  949       1.802011682188e-10 
  950       1.788864762995e-10 
  951       1.775885076646e-10 
  952       1.763074946348e-10 
  953       1.750436706448e-10 
  954       1.737972702457e-10 
  955       1.725685291065e-10 
  956       1.713576840169e-10 
  957       1.701649728888e-10 
  958       1.689906347589e-10 
  959       1.678349097907e-10 
  960       1.666980392762e-10 
  961       1.655802656386e-10 
  962       1.644818324339e-10 
  963       1.634029843535e-10 
  964       1.623439672257e-10 
  965       1.613050280184e-10 
  966       1.602864148409e-10 
  967       1.592883769461e-10 
  968       1.583111647324e-10 
  969       1.573550297460e-10 
  970       1.564202246833e-10 
  971       1.555070033922e-10 
  972       1.546156208750e-10 
  973       1.537462796278e-10 
  974       1.528989677728e-10 
  975       1.520736185004e-10 
  976       1.512701635070e-10 
  977       1.504885329898e-10 
  978       1.497286556425e-10 
  979       1.489904586504e-10 
  980       1.482738676858e-10 
  981       1.475788069033e-10 
  982       1.469051989351e-10 
  983       1.462529648864e-10 
  984       1.456220243304e-10 
  985       1.450122953042e-10 
  986       1.444236943035e-10 
  987       1.438561362782e-10 
  988       1.433095346277e-10 
  989       1.427838011962e-10 
  990       1.422788462680e-10 
  991       1.417945785628e-10 
  992       1.413309052311e-10 
  993       1.408877318494e-10 
  994       1.404649624155e-10 
  995       1.400624993439e-10 
  996       1.396802434610e-10 
  997       1.393180940008e-10 
  998       1.389759485994e-10 
  999       1.386537032912e-10 
 1000       1.383512525037e-10 
 1001       1.380684890530e-10 
 1002       1.378053041388e-10 
 1003       1.375615873404e-10 
 1004       1.373372266110e-10 
 1005       1.371321082742e-10 
 1006       1.369461170183e-10 
 1007       1.367791358920e-10 
 1008       1.366310462999e-10 
 1009       1.365017279976e-10 
 1010       1.363910590869e-10 
 1011       1.362989160115e-10 
 1012       1.362251506210e-10 
 1013       1.361695210118e-10 
 1014       1.361317596789e-10 
 1015       1.361115963487e-10 
 1016       1.361087579718e-10 
 1017       1.361229687157e-10 
 1018       1.361539499571e-10 
 1019       1.362014202748e-10 
 1020       1.362650954424e-10 
 1021       1.363446884207e-10 
 1022       1.364399093502e-10 
 1023       1.365504655443e-10 
 1024       1.366760614813e-10 
 1025       1.368163987975e-10 
 1026       1.369711762795e-10 
 1027       1.371400898570e-10 
 1028       1.373228325953e-10 
 1029       1.375190946881e-10 
 1030       1.377285634500e-10 
 1031       1.379509233093e-10 
 1032       1.381858558002e-10 
 1033       1.384330395560e-10 
 1034       1.386921503014e-10 
 1035       1.389628608450e-10 
 1036       1.392448410722e-10 
 1037       1.395377579379e-10 
 1038       1.398412754587e-10 
 1039       1.401550547060e-10 
 1040       1.404787537983e-10 
 1041       1.408120278939e-10 
 1042       1.411545291838e-10 
 1043       1.415059068837e-10 
 1044       1.418658072275e-10 
 1045       1.422338734591e-10 
 1046       1.426097458255e-10 
 1047       1.429930615694e-10 
 1048       1.433834549216e-10 
 1049       1.437805570938e-10 
 1050       1.441839962713e-10 
 1051       1.445934131854e-10 
 1052       1.450085080830e-10 
 1053       1.454289943956e-10 
 1054       1.458545832125e-10 
 1055       1.462849832751e-10 
 1056       1.467199009716e-10 
 1057       1.471590403310e-10 
 1058       1.476021030175e-10 
 1059       1.480487883247e-10 
 1060       1.484987931701e-10 
 1061       1.489518120895e-10 
 1062       1.494075372310e-10 
 1063       1.498656583495e-10 
 1064       1.503258628011e-10 
 1065       1.507878355373e-10 
 1066       1.512512590993e-10 
 1067       1.517158136123e-10 
 1068       1.521811767802e-10 
 1069       1.526470238792e-10 
 1070       1.531130277527e-10 
 1071       1.535788588056e-10 
 1072       1.540441849982e-10 
 1073       1.545086718410e-10 
 1074       1.549719823885e-10 
 1075       1.554337772342e-10 
 1076       1.558937145042e-10 
 1077       1.563514498520e-10 
 1078       1.568066364528e-10 
 1079       1.572589249974e-10 
 1080       1.577079636870e-10 
 1081       1.581533982274e-10 
 1082       1.585948718231e-10 
 1083       1.590320251718e-10 
 1084       1.594644964587e-10 
 1085       1.598919213508e-10 
 1086       1.603139329913e-10 
 1087       1.607301619936e-10 
 1088       1.611402364362e-10 
 1089       1.615437818565e-10 
 1090       1.619404609234e-10 
 1091       1.623300930492e-10 
 1092       1.627125363696e-10 
 1093       1.630876482099e-10 
 1094       1.634552850828e-10 
 1095       1.638153026869e-10 
 1096       1.641675559050e-10 
 1097       1.645118988026e-10 
 1098       1.648481846259e-10 
 1099       1.651762658004e-10 
 1100       1.654959939291e-10 
 1101       1.658072197908e-10 
 1102       1.661097933385e-10 
 1103       1.664035636978e-10 
 1104       1.666883791648e-10 
 1105       1.669640872049e-10 
 1106       1.672305344512e-10 
 1107       1.674875667021e-10 
 1108       1.677350289205e-10 
 1109       1.679727652316e-10 
 1110       1.682006189211e-10 
 1111       1.684184324342e-10 
 1112       1.686260473731e-10 
 1113       1.688233044960e-10 
 1114       1.690100437149e-10 
 1115       1.691861040945e-10 
 1116       1.693513238497e-10 
 1117       1.695055403447e-10 
 1118       1.696485900911e-10 
 1119       1.697803087460e-10 
 1120       1.699005311104e-10 
 1121       1.700090911278e-10 
 1122       1.701058218822e-10 
 1123       1.701905555965e-10 
 1124       1.702631236310e-10 
 1125       1.703233564814e-10 
 1126       1.703710837775e-10 
 1127       1.704061342811e-10 
 1128       1.704283358848e-10 
 1129       1.704375542148e-10 
 1130       1.704338089910e-10 
 1131       1.704171591698e-10 
 1132       1.703876644780e-10 
 1133       1.703453854143e-10 
 1134       1.702903832518e-10 
 1135       1.702227200396e-10 
 1136       1.701424586048e-10 
 1137       1.700496625545e-10 
 1138       1.699443962779e-10 
 1139       1.698267249480e-10 
 1140       1.696967145236e-10 
 1141       1.695544317514e-10 
 1142       1.693999441679e-10 
 1143       1.692333201012e-10 
 1144       1.690546286732e-10 
 1145       1.688639398015e-10 
 1146       1.686613242010e-10 
 1147       1.684468533864e-10 
 1148       1.682205996737e-10 
 1149       1.679826361827e-10 
 1150       1.677330368381e-10 
 1151       1.674718763724e-10 
 1152       1.671992303272e-10 
 1153       1.669151750552e-10 
 1154       1.666197877227e-10 
 1155       1.663131463109e-10 
 1156       1.659953296182e-10 
 1157       1.656664172622e-10 
 1158       1.653264896812e-10 
 1159       1.649756281368e-10 
 1160       1.646139147154e-10 
 1161       1.642414323304e-10 
 1162       1.638582647239e-10 
 1163       1.634644964690e-10 
 1164       1.630602129713e-10 
 1165       1.626455004713e-10 
 1166       1.622204460461e-10 
 1167       1.617851376115e-10 
 1168       1.613396808651e-10 
 1169       1.608842503449e-10 
 1170       1.604190390137e-10 
 1171       1.599442413790e-10 
 1172       1.594600534963e-10 
 1173       1.589666729729e-10 
 1174       1.584642989713e-10 
 1175       1.579531322123e-10 
 1176       1.574333749787e-10 
 1177       1.569052311187e-10 
 1178       1.563689060493e-10 
 1179       1.558246067600e-10 
 1180       1.552725418157e-10 
 1181       1.547129213607e-10 
 1182       1.541459571218e-10 
 1183       1.535718624119e-10 
 1184       1.529908521334e-10 
 1185       1.524031427817e-10 
 1186       1.518089524485e-10 
 1187       1.512085008252e-10 
 1188       1.506020092067e-10 
 1189       1.499897004945e-10 
 1190       1.493717992004e-10 
 1191       1.487485314494e-10 
 1192       1.481201249840e-10 
 1193       1.474868091670e-10 
 1194       1.468488149849e-10 
 1195       1.462063750521e-10 
 1196       1.455597236132e-10 
 1197       1.449090965475e-10 
 1198       1.442547313718e-10 
 1199       1.435968672440e-10 
 1200       1.429357449668e-10 
 1201       1.422716069907e-10 
 1202       1.416046974177e-10 
 1203       1.409352620049e-10 
 1204       1.402635481676e-10 
 1205       1.395898049827e-10 
 1206       1.389142831928e-10 
 1207       1.382372248853e-10 
 1208       1.375588323893e-10 
 1209       1.368792990089e-10 
 1210       1.361988193159e-10 
 1211       1.355175891516e-10 
 1212       1.348358056301e-10 
 1213       1.341536671403e-10 
 1214       1.334713733488e-10 
 1215       1.327891252025e-10 
 1216       1.321071249312e-10 
 1217       1.314255760499e-10 
 1218       1.307446833619e-10 
 1219       1.300646529609e-10 
 1220       1.293856922339e-10 
 1221       1.287080098636e-10 
 1222       1.280318158314e-10 
 1223       1.273573214193e-10 
 1224       1.266847392131e-10 
 1225       1.260142831046e-10 
 1226       1.253461682947e-10 
 1227       1.246806112954e-10 
 1228       1.240178299326e-10 
 1229       1.233580433489e-10 
 1230       1.227014720061e-10 
 1231       1.220483376874e-10 
 1232       1.213988635007e-10 
 1233       1.207532738807e-10 
 1234       1.201117945915e-10 
 1235       1.194746527294e-10 
 1236       1.188420767255e-10 
 1237       1.182142963479e-10 
 1238       1.175915427048e-10 
 1239       1.169740482469e-10 
 1240       1.163620467699e-10 
 1241       1.157557734172e-10 
 1242       1.151554646824e-10 
 1243       1.145613584120e-10 
 1244       1.139736938080e-10 
 1245       1.133927114302e-10 
 1246       1.128186260349e-10 
 1247       1.122515447348e-10 
 1248       1.116915478838e-10 
 1249       1.111387161548e-10 
 1250       1.105931305403e-10 
 1251       1.100548723527e-10 
 1252       1.095240232249e-10 
 1253       1.090006651109e-10 
 1254       1.084848802859e-10 
 1255       1.079767513475e-10 
 1256       1.074763612155e-10 
 1257       1.069837931327e-10 
 1258       1.064991306653e-10 
 1259       1.060224577037e-10 
 1260       1.055538584626e-10 
 1261       1.050934174815e-10 
 1262       1.046412196258e-10 
 1263       1.041973500862e-10 
 1264       1.037618943805e-10 
 1265       1.033349383530e-10 
 1266       1.029165681755e-10 
 1267       1.025068703479e-10 
 1268       1.021059316983e-10 
 1269       1.017138393838e-10 
 1270       1.013306808910e-10 
 1271       1.009565440362e-10 
 1272       1.005915169664e-10 
 1273       1.002356881591e-10 
 1274       9.988914642356e-11 
 1275       9.955198090072e-11 
 1276       9.922428106394e-11 
 1277       9.890613671948e-11 
 1278       9.859763800695e-11 
 1279       9.829887539984e-11 
 1280       9.800993970599e-11 
 1281       9.773092206809e-11 
 1282       9.746191396420e-11 
 1283       9.720300720821e-11 
 1284       9.695429395037e-11 
 1285       9.671584060835e-11 
 1286       9.648760933494e-11 
 1287       9.626953565786e-11 
 1288       9.606155446669e-11 
 1289       9.586360001152e-11 
 1290       9.567560590148e-11 
 1291       9.549750510339e-11 
 1292       9.532922994037e-11 
 1293       9.517071209040e-11 
 1294       9.502188258497e-11 
 1295       9.488267180764e-11 
 1296       9.475300949267e-11 
 1297       9.463282472361e-11 
 1298       9.452204593191e-11 
 1299       9.442060089551e-11 
 1300       9.432841673745e-11 
 1301       9.424541992448e-11 
 1302       9.417153626565e-11 
 1303       9.410669091092e-11 
 1304       9.405080834973e-11 
 1305       9.400381240967e-11 
 1306       9.396562625503e-11 
 1307       9.393617238539e-11 
 1308       9.391537263428e-11 
 1309       9.390314816773e-11 
 1310       9.389941948289e-11 
 1311       9.390410640665e-11 
 1312       9.391712809421e-11 
 1313       9.393840302769e-11 
 1314       9.396784901476e-11 
 1315       9.400538318721e-11 
 1316       9.405092199957e-11 
 1317       9.410438122769e-11 
 1318       9.416567596737e-11 
 1319       9.423472063296e-11 
 1320       9.431142895593e-11 
 1321       9.439571398351e-11 
 1322       9.448748807727e-11 
 1323       9.458666291173e-11 
 1324       9.469313901439e-11 
 1325       9.480677426220e-11 
 1326       9.492741503440e-11 
 1327       9.505490663742e-11 
 1328       9.518909330278e-11 
 1329       9.532981818497e-11 
 1330       9.547692335930e-11 
 1331       9.563024981986e-11 
 1332       9.578963747734e-11 
 1333       9.595492515696e-11 
 1334       9.612595059633e-11 
 1335       9.630255044335e-11 
 1336       9.648456025408e-11 
 1337       9.667181449067e-11 
 1338       9.686414651919e-11 
 1339       9.706138860755e-11 
 1340       9.726337192339e-11 
 1341       9.746992653195e-11 
 1342       9.768088139395e-11 
 1343       9.789606436352e-11 
 1344       9.811530218603e-11 
 1345       9.833842049603e-11 
 1346       9.856524381508e-11 
 1347       9.879559554970e-11 
 1348       9.902929798919e-11 
 1349       9.926617230358e-11 
 1350       9.950603854147e-11 
 1351       9.974871562794e-11 
 1352       9.999402136244e-11 
 1353       1.002417724167e-10 
 1354       1.004917843324e-10 
 1355       1.007438715196e-10 
 1356       1.009978472538e-10 
 1357       1.012535236748e-10 
 1358       1.015107117837e-10 
 1359       1.017692214413e-10 
 1360       1.020288613659e-10 
 1361       1.022894391310e-10 
 1362       1.025507611635e-10 
 1363       1.028126414800e-10 
 1364       1.030749280030e-10 
 1365       1.033374765232e-10 
 1366       1.036001419842e-10 
 1367       1.038627784816e-10 
 1368       1.041252392613e-10 
 1369       1.043873767176e-10 
 1370       1.046490423921e-10 
 1371       1.049100869720e-10 
 1372       1.051703602882e-10 
 1373       1.054297113145e-10 
 1374       1.056879881652e-10 
 1375       1.059450380944e-10 
 1376       1.062007074935e-10 
 1377       1.064548418907e-10 
 1378       1.067072859485e-10 
 1379       1.069578834629e-10 
 1380       1.072064773611e-10 
 1381       1.074529097008e-10 
 1382       1.076970216681e-10 
 1383       1.079386535758e-10 
 1384       1.081776448625e-10 
 1385       1.084138340905e-10 
 1386       1.086470589443e-10 
 1387       1.088771562295e-10 
 1388       1.091039618706e-10 
 1389       1.093273109099e-10 
 1390       1.095470375059e-10 
 1391       1.097629749317e-10 
 1392       1.099749555731e-10 
 1393       1.101828109278e-10 
 1394       1.103863716032e-10 
 1395       1.105854673152e-10 
 1396       1.107799268864e-10 
 1397       1.109695782447e-10 
 1398       1.111542484219e-10 
 1399       1.113337635517e-10 
 1400       1.115079488688e-10 
 1401       1.116766287066e-10 
 1402       1.118396468471e-10 
 1403       1.119969278030e-10 
 1404       1.121484161717e-10 
 1405       1.122940563419e-10 
 1406       1.124337924930e-10 
 1407       1.125675685958e-10 
 1408       1.126953284110e-10 
 1409       1.128170154897e-10 
 1410       1.129325731727e-10 
 1411       1.130419445905e-10 
 1412       1.131450726626e-10 
 1413       1.132419000977e-10 
 1414       1.133323693927e-10 
 1415       1.134164228331e-10 
 1416       1.134940024924e-10 
 1417       1.135650502316e-10 
 1418       1.136295076990e-10 
 1419       1.136873163304e-10 
 1420       1.137384173478e-10 
 1421       1.137827517601e-10 
 1422       1.138202603620e-10 
 1423       1.138508837343e-10 
 1424       1.138745622431e-10 
 1425       1.138912360399e-10 
 1426       1.139008450609e-10 
 1427       1.139033290273e-10 
 1428       1.138986274440e-10 
 1429       1.138866796004e-10 
 1430       1.138674245694e-10 
 1431       1.138408012072e-10 
 1432       1.138067481530e-10 
 1433       1.137652038291e-10 
 1434       1.137161064399e-10 
 1435       1.136593939720e-10 
 1436       1.135950041940e-10 
 1437       1.135228746559e-10 
 1438       1.134429426888e-10 
 1439       1.133551454050e-10 
 1440       1.132594196971e-10 
 1441       1.131557214053e-10 
 1442       1.130440830305e-10 
 1443       1.129245566059e-10 
 1444       1.127971945845e-10 
 1445       1.126620498390e-10 
 1446       1.125191756635e-10 
 1447       1.123686257736e-10 
 1448       1.122104543075e-10 
 1449       1.120447158270e-10 
 1450       1.118714653177e-10 
 1451       1.116907581904e-10 
 1452       1.115026502818e-10 
 1453       1.113071978548e-10 
 1454       1.111044576000e-10 
 1455       1.108944866361e-10 
 1456       1.106773425105e-10 
 1457       1.104530832008e-10 
 1458       1.102217671149e-10 
 1459       1.099834530920e-10 
 1460       1.097382004037e-10 
 1461       1.094860687544e-10 
 1462       1.092271182823e-10 
 1463       1.089614095601e-10 
 1464       1.086890035960e-10 
 1465       1.084099618342e-10 
 1466       1.081243461561e-10 
 1467       1.078322188805e-10 
 1468       1.075336427651e-10 
 1469       1.072286810068e-10 
 1470       1.069173972427e-10 
 1471       1.065998555507e-10 
 1472       1.062761204506e-10 
 1473       1.059462569048e-10 
 1474       1.056103303191e-10 
 1475       1.052684065431e-10 
 1476       1.049205518717e-10 
 1477       1.045668330455e-10 
 1478       1.042073172515e-10 
 1479       1.038420721242e-10 
 1480       1.034711736037e-10 
 1481       1.030947295940e-10 
 1482       1.027128565403e-10 
 1483       1.023256715937e-10 
 1484       1.019332926126e-10 
 1485       1.015358381638e-10 
 1486       1.011334275236e-10 
 1487       1.007261806795e-10 
 1488       1.003142183309e-10 
 1489       9.989766189074e-11 
 1490       9.947663348644e-11 
 1491       9.905125596127e-11 
 1492       9.862165287555e-11 
 1493       9.818794850789e-11 
 1494       9.775026785638e-11 
 1495       9.730873663990e-11 
 1496       9.686348129924e-11 
 1497       9.641462899844e-11 
 1498       9.596230762593e-11 
 1499       9.550664579581e-11 
 1500       9.504777284907e-11 
 1501       9.458581885481e-11 
 1502       9.412091461148e-11 
 1503       9.365319164809e-11 
 1504       9.318278222547e-11 
 1505       9.270981933747e-11 
 1506       9.223443671221e-11 
 1507       9.175676881330e-11 
 1508       9.127695084107e-11 
 1509       9.079511873380e-11 
 1510       9.031140916896e-11 
 1511       8.982595956440e-11 
 1512       8.933890807964e-11 
 1513       8.885039361705e-11 
 1514       8.836055582310e-11 
 1515       8.786953508960e-11 
 1516       8.737747255490e-11 
 1517       8.688451010513e-11 
 1518       8.639079037546e-11 
 1519       8.589645072684e-11 
 1520       8.540160511051e-11 
 1521       8.490636203131e-11 
 1522       8.441083055721e-11 
 1523       8.391512032022e-11 
 1524       8.341934151731e-11 
 1525       8.292360491132e-11 
 1526       8.242802183187e-11 
 1527       8.193270417629e-11 
 1528       8.143776441054e-11 
 1529       8.094331557010e-11 
 1530       8.044947126091e-11 
 1531       7.995634566030e-11 
 1532       7.946405351785e-11 
 1533       7.897271015637e-11 
 1534       7.848243147277e-11 
 1535       7.799333393901e-11 
 1536       7.750553460299e-11 
 1537       7.701915108949e-11 
 1538       7.653430160105e-11 
 1539       7.605110491894e-11 
 1540       7.556968040402e-11 
 1541       7.509014799770e-11 
 1542       7.461262822284e-11 
 1543       7.413724218464e-11 
 1544       7.366411157161e-11 
 1545       7.319335865644e-11 
 1546       7.272510629694e-11 
 1547       7.225947793695e-11 
 1548       7.179659760726e-11 
 1549       7.133658992651e-11 
 1550       7.087958010214e-11 
 1551       7.042569393126e-11 
 1552       6.997505780161e-11 
 1553       6.952779869245e-11 
 1554       6.908404417548e-11 
 1555       6.864392241577e-11 
 1556       6.820756217267e-11 
 1557       6.777509280070e-11 
 1558       6.734662994279e-11 
 1559       6.692223246111e-11 
 1560       6.650194510365e-11 
 1561       6.608581277547e-11 
 1562       6.567388053891e-11 
 1563       6.526619361379e-11 
 1564       6.486279737763e-11 
 1565       6.446373736585e-11 
 1566       6.406905927198e-11 
 1567       6.367880894787e-11 
 1568       6.329303240392e-11 
 1569       6.291177580924e-11 
 1570       6.253508549192e-11 
 1571       6.216300793919e-11 
 1572       6.179558979765e-11 
 1573       6.143287787350e-11 
 1574       6.107491913270e-11 
 1575       6.072176070122e-11 
 1576       6.037344986525e-11 
 1577       6.003003407136e-11 
 1578       5.969156092678e-11 
 1579       5.935807819957e-11 
 1580       5.902963381882e-11 
 1581       5.870627587487e-11 
 1582       5.838805261955e-11 
 1583       5.807501246635e-11 
 1584       5.776720399062e-11 
 1585       5.746467592983e-11 
 1586       5.716747718375e-11 
 1587       5.687565681463e-11 
 1588       5.658926404748e-11 
 1589       5.630834827020e-11 
 1590       5.603295903387e-11 
 1591       5.576314605288e-11 
 1592       5.549895920520e-11 
 1593       5.524044853255e-11 
 1594       5.498766424065e-11 
 1595       5.474065669938e-11 
 1596       5.449947644303e-11 
 1597       5.426416048184e-11 
 1598       5.403469109917e-11 
 1599       5.381103667729e-11 
 1600       5.359316535142e-11 
 1601       5.338104500920e-11 
 1602       5.317464329032e-11 
 1603       5.297392758608e-11 
 1604       5.277886503893e-11 
 1605       5.258942254205e-11 
 1606       5.240556673891e-11 
 1607       5.222726402285e-11 
 1608       5.205448053664e-11 
 1609       5.188718217204e-11 
 1610       5.172533456935e-11 
 1611       5.156890311701e-11 
 1612       5.141785295116e-11 
 1613       5.127214895517e-11 
 1614       5.113175575924e-11 
 1615       5.099663773998e-11 
 1616       5.086675901991e-11 
 1617       5.074208346710e-11 
 1618       5.062257469469e-11 
 1619       5.050819606048e-11 
 1620       5.039891066648e-11 
 1621       5.029468135847e-11 
 1622       5.019547072560e-11 
 1623       5.010124109991e-11 
 1624       5.001195455593e-11 
 1625       4.992757291024e-11 
 1626       4.984805772101e-11 
 1627       4.977337028760e-11 
 1628       4.970347165012e-11 
 1629       4.963832258895e-11 
 1630       4.957788362440e-11 
 1631       4.952211501616e-11 
 1632       4.947097676297e-11 
 1633       4.942442860211e-11 
 1634       4.938243000901e-11 
 1635       4.934494019679e-11 
 1636       4.931191218769e-11 
 1637       4.928327497012e-11 
 1638       4.925895118115e-11 
 1639       4.923886301954e-11 
 1640       4.922293224498e-11 
 1641       4.921108017746e-11 
 1642       4.920322769649e-11 
 1643       4.919929524046e-11 
 1644       4.919920280593e-11 
 1645       4.920286994691e-11 
 1646       4.921021577417e-11 
 1647       4.922115895455e-11 
 1648       4.923561771025e-11 
 1649       4.925350981812e-11 
 1650       4.927475260900e-11 
 1651       4.929926296697e-11 
 1652       4.932695732867e-11 
 1653       4.935775168261e-11 
 1654       4.939156156846e-11 
 1655       4.942830207637e-11 
 1656       4.946788784622e-11 
 1657       4.951023306698e-11 
 1658       4.955525147598e-11 
 1659       4.960285635820e-11 
 1660       4.965296054558e-11 
 1661       4.970547641635e-11 
 1662       4.976031589429e-11 
 1663       4.981739044802e-11 
 1664       4.987661109037e-11 
 1665       4.993788837758e-11 
 1666       5.000113240871e-11 
 1667       5.006625282484e-11 
 1668       5.013315880844e-11 
 1669       5.020175908263e-11 
 1670       5.027196191051e-11 
 1671       5.034367509441e-11 
 1672       5.041680597528e-11 
 1673       5.049126143187e-11 
 1674       5.056694788016e-11 
 1675       5.064377491371e-11 
 1676       5.072166626133e-11 
 1677       5.080054892376e-11 
 1678       5.088034954068e-11 
 1679       5.096099439015e-11 
 1680       5.104240938806e-11 
 1681       5.112452008762e-11 
 1682       5.120725167875e-11 
 1683       5.129052898761e-11 
 1684       5.137427647600e-11 
 1685       5.145841824086e-11 
 1686       5.154287801369e-11 
 1687       5.162757916001e-11 
 1688       5.171244467884e-11 
 1689       5.179739720213e-11 
 1690       5.188235899423e-11 
 1691       5.196725195135e-11 
 1692       5.205199760100e-11 
 1693       5.213651710144e-11 
 1694       5.222073124119e-11 
 1695       5.230456043839e-11 
 1696       5.238792474035e-11 
 1697       5.247074382296e-11 
 1698       5.255293699014e-11 
 1699       5.263442317333e-11 
 1700       5.271512093089e-11 
 1701       5.279494844763e-11 
 1702       5.287382353418e-11 
 1703       5.295166362654e-11 
 1704       5.302838578545e-11 
 1705       5.310390669590e-11 
 1706       5.317814266655e-11 
 1707       5.325100962924e-11 
 1708       5.332242313837e-11 
 1709       5.339229837042e-11 
 1710       5.346055012337e-11 
 1711       5.352709281617e-11 
 1712       5.359184048821e-11 
 1713       5.365470679873e-11 
 1714       5.371561451670e-11 
 1715       5.377452408002e-11 
 1716       5.383140527900e-11 
 1717       5.388622778800e-11 
 1718       5.393896116521e-11 
 1719       5.398957485254e-11 
 1720       5.403803817545e-11 
 1721       5.408432034280e-11 
 1722       5.412839044666e-11 
 1723       5.417021746221e-11 
 1724       5.420977024752e-11 
 1725       5.424701754345e-11 
 1726       5.428192797345e-11 
 1727       5.431447004344e-11 
 1728       5.434461214161e-11 
 1729       5.437232253830e-11 
 1730       5.439756938584e-11 
 1731       5.442032071836e-11 
 1732       5.444054445169e-11 
 1733       5.445820838314e-11 
 1734       5.447328019138e-11 
 1735       5.448572743630e-11 
 1736       5.449551755879e-11 
 1737       5.450261788065e-11 
 1738       5.450699560440e-11 
 1739       5.450861781313e-11 
 1740       5.450745147034e-11 
 1741       5.450346341979e-11 
 1742       5.449662038533e-11 
 1743       5.448688897076e-11 
 1744       5.447423565966e-11 
 1745       5.445862681524e-11 
 1746       5.444002868019e-11 
 1747       5.441840737651e-11 
 1748       5.439372890534e-11 
 1749       5.436595914684e-11 
 1750       5.433506386001e-11 
 1751       5.430100868255e-11 
 1752       5.426375913066e-11 
 1753       5.422328982152e-11 
 1754       5.417961222503e-11 
 1755       5.413274714334e-11 
 1756       5.408271550958e-11 
 1757       5.402953838800e-11 
 1758       5.397323697419e-11 
 1759       5.391383259529e-11 
 1760       5.385134671019e-11 
 1761       5.378580090973e-11 
 1762       5.371721691691e-11 
 1763       5.364561658709e-11 
 1764       5.357102190817e-11 
 1765       5.349345500085e-11 
 1766       5.341293811876e-11 
 1767       5.332949364874e-11 
 1768       5.324314411097e-11 
 1769       5.315391215922e-11 
 1770       5.306182058104e-11 
 1771       5.296689229798e-11 
 1772       5.286915036574e-11 
 1773       5.276861797445e-11 
 1774       5.266531844879e-11 
 1775       5.255927524828e-11 
 1776       5.245051196741e-11 
 1777       5.233905233587e-11 
 1778       5.222492021878e-11 
 1779       5.210813961685e-11 
 1780       5.198873466659e-11 
 1781       5.186672964055e-11 
 1782       5.174214894750e-11 
 1783       5.161501713259e-11 
 1784       5.148535887764e-11 
 1785       5.135319900127e-11 
 1786       5.121856245914e-11 
 1787       5.108147434414e-11 
 1788       5.094195988661e-11 
 1789       5.080004445450e-11 
 1790       5.065575355362e-11 
 1791       5.050911282784e-11 
 1792       5.036015212444e-11 
 1793       5.020891772617e-11 
 1794       5.005546021953e-11 
 1795       4.989983043894e-11 
 1796       4.974207946717e-11 
 1797       4.958225863564e-11 
 1798       4.942041952479e-11 
 1799       4.925661396446e-11 
 1800       4.909089403421e-11 
 1801       4.892331206369e-11 
 1802       4.875392063299e-11 
 1803       4.858277257300e-11 
 1804       4.840992096579e-11 
 1805       4.823541914489e-11 
 1806       4.805932069574e-11 
 1807       4.788167945598e-11 
 1808       4.770254951581e-11 
 1809       4.752198521838e-11 
 1810       4.734004116012e-11 
 1811       4.715677219108e-11 
 1812       4.697223341534e-11 
 1813       4.678648019129e-11 
 1814       4.659956813205e-11 
 1815       4.641155310578e-11 
 1816       4.622249123607e-11 
 1817       4.603243890227e-11 
 1818       4.584145273984e-11 
 1819       4.564958964074e-11 
 1820       4.545690675376e-11 
 1821       4.526346148486e-11 
 1822       4.506931149757e-11 
 1823       4.487451471329e-11 
 1824       4.467912931169e-11 
 1825       4.448321373105e-11 
 1826       4.428682666860e-11 
 1827       4.409002708089e-11 
 1828       4.389287418416e-11 
 1829       4.369542745466e-11 
 1830       4.349774662902e-11 
 1831       4.329988938103e-11 
 1832       4.310190433086e-11 
 1833       4.290383798068e-11 
 1834       4.270573703342e-11 
 1835       4.250764839305e-11 
 1836       4.230961916487e-11 
 1837       4.211169665576e-11 
 1838       4.191392837446e-11 
 1839       4.171636203183e-11 
 1840       4.151904554116e-11 
 1841       4.132202701839e-11 
 1842       4.112535478243e-11 
 1843       4.092907735538e-11 
 1844       4.073324346286e-11 
 1845       4.053790203423e-11 
 1846       4.034310220289e-11 
 1847       4.014889330656e-11 
 1848       3.995532488752e-11 
 1849       3.976244669291e-11 
 1850       3.957030867498e-11 
 1851       3.937896099139e-11 
 1852       3.918845400546e-11 
 1853       3.899883828643e-11 
 1854       3.881016460978e-11 
 1855       3.862248395744e-11 
 1856       3.843584751810e-11 
 1857       3.825030668750e-11 
 1858       3.806591306864e-11 
 1859       3.788271847211e-11 
 1860       3.770077491633e-11 
 1861       3.752013462784e-11 
 1862       3.734085004155e-11 
 1863       3.716297380104e-11 
 1864       3.698655875881e-11 
 1865       3.681165797656e-11 
 1866       3.663832472545e-11 
 1867       3.646661248641e-11 
 1868       3.629657495035e-11 
 1869       3.612826601849e-11 
 1870       3.596173356151e-11 
 1871       3.579700064320e-11 
 1872       3.563408415042e-11 
 1873       3.547300102090e-11 
 1874       3.531376824330e-11 
 1875       3.515640285728e-11 
 1876       3.500092195353e-11 
 1877       3.484734267387e-11 
 1878       3.469568221127e-11 
 1879       3.454595780992e-11 
 1880       3.439818676530e-11 
 1881       3.425238642421e-11 
 1882       3.410857418485e-11 
 1883       3.396676749689e-11 
 1884       3.382698386148e-11 
 1885       3.368924083137e-11 
 1886       3.355355601090e-11 
 1887       3.341994705614e-11 
 1888       3.328843167485e-11 
 1889       3.315902762662e-11 
 1890       3.303175272290e-11 
 1891       3.290662482703e-11 
 1892       3.278366185434e-11 
 1893       3.266288177220e-11 
 1894       3.254430260004e-11 
 1895       3.242794240945e-11 
 1896       3.231381932423e-11 
 1897       3.220195152043e-11 
 1898       3.209235722642e-11 
 1899       3.198505472296e-11 
 1900       3.188006234323e-11 
 1901       3.177739847290e-11 
 1902       3.167708155020e-11 
 1903       3.157913006597e-11 
 1904       3.148356256370e-11 
 1905       3.139039763961e-11 
 1906       3.129965394272e-11 
 1907       3.121135017485e-11 
 1908       3.112550509075e-11 
 1909       3.104213147058e-11 
 1910       3.096121798684e-11 
 1911       3.088274719857e-11 
 1912       3.080670156607e-11 
 1913       3.073306345083e-11 
 1914       3.066181511532e-11 
 1915       3.059293872290e-11 
 1916       3.052641633766e-11 
 1917       3.046222992428e-11 
 1918       3.040036134788e-11 
 1919       3.034079237389e-11 
 1920       3.028350466791e-11 
 1921       3.022847979559e-11 
 1922       3.017569922242e-11 
 1923       3.012514431369e-11 
 1924       3.007679633425e-11 
 1925       3.003063644844e-11 
 1926       2.998664571992e-11 
 1927       2.994480511154e-11 
 1928       2.990509548518e-11 
 1929       2.986749760163e-11 
 1930       2.983199212044e-11 
 1931       2.979855959978e-11 
 1932       2.976718049631e-11 
 1933       2.973783516503e-11 
 1934       2.971050385912e-11 
 1935       2.968516672984e-11 
 1936       2.966180382636e-11 
 1937       2.964039509563e-11 
 1938       2.962092038224e-11 
 1939       2.960335942827e-11 
 1940       2.958769187316e-11 
 1941       2.957389725356e-11 
 1942       2.956195500321e-11 
 1943       2.955184445277e-11 
 1944       2.954354482969e-11 
 1945       2.953703525809e-11 
 1946       2.953229475859e-11 
 1947       2.952930224818e-11 
 1948       2.952803399427e-11 
 1949       2.952845595617e-11 
 1950       2.953053138579e-11 
 1951       2.953422336799e-11 
 1952       2.953949482038e-11 
 1953       2.954630849311e-11 
 1954       2.955462696861e-11 
 1955       2.956441266140e-11 
 1956       2.957562781787e-11 
 1957       2.958823451603e-11 
 1958       2.960219466533e-11 
 1959       2.961747000641e-11 
 1960       2.963402211088e-11 
 1961       2.965181238111e-11 
 1962       2.967080205000e-11 
 1963       2.969095218078e-11 
 1964       2.971222366674e-11 
 1965       2.973457723107e-11 
 1966       2.975797342661e-11 
 1967       2.978237263560e-11 
 1968       2.980773506951e-11 
 1969       2.983402076881e-11 
 1970       2.986118960270e-11 
 1971       2.988920126895e-11 
 1972       2.991801529365e-11 
 1973       2.994759103099e-11 
 1974       2.997788766303e-11 
 1975       3.000886419951e-11 
 1976       3.004047947760e-11 
 1977       3.007269216169e-11 
 1978       3.010546074317e-11 
 1979       3.013874354018e-11 
 1980       3.017249869746e-11 
 1981       3.020668418604e-11 
 1982       3.024125780310e-11 
 1983       3.027617717169e-11 
 1984       3.031139974052e-11 
 1985       3.034688278379e-11 
 1986       3.038258340088e-11 
 1987       3.041846026662e-11 
 1988       3.045447889631e-11 
 1989       3.049060641904e-11 
 1990       3.052680983058e-11 
 1991       3.056305599322e-11 
 1992       3.059931163566e-11 
 1993       3.063554335276e-11 
 1994       3.067171760544e-11 
 1995       3.070780072046e-11 
 1996       3.074375889029e-11 
 1997       3.077955817292e-11 
 1998       3.081516449172e-11 
 1999       3.085054363522e-11 
 2000       3.088566125700e-11 
 2001       3.092048287548e-11 
 2002       3.095497387378e-11 
 2003       3.098909949954e-11 
 2004       3.102282486474e-11 
 2005       3.105611494556e-11 
 2006       3.108893458219e-11 
 2007       3.112124847866e-11 
 2008       3.115302120269e-11 
 2009       3.118421718553e-11 
 2010       3.121480072174e-11 
 2011       3.124473596908e-11 
 2012       3.127398694832e-11 
 2013       3.130251754306e-11 
 2014       3.133029149958e-11 
 2015       3.135727242667e-11 
 2016       3.138342379544e-11 
 2017       3.140870893920e-11 
 2018       3.143309105324e-11 
 2019       3.145653319468e-11 
 2020       3.147899828232e-11 
 2021       3.150044909646e-11 
 2022       3.152084827872e-11 
 2023       3.154015833188e-11 
 2024       3.155834161972e-11 
 2025       3.157536036686e-11 
 2026       3.159118103248e-11 
 2027       3.160578746650e-11 
 2028       3.161916784811e-11 
 2029       3.163131032051e-11 
 2030       3.164220299076e-11 
 2031       3.165183392985e-11 
 2032       3.166019117258e-11 
 2033       3.166726271757e-11 
 2034       3.167303652719e-11 
 2035       3.167750052754e-11 
 2036       3.168064260838e-11 
 2037       3.168245062314e-11 
 2038       3.168291238882e-11 
 2039       3.168201568600e-11 
 2040       3.167974825878e-11 
 2041       3.167609781473e-11 
 2042       3.167105202486e-11 
 2043       3.166459852358e-11 
 2044       3.165672490868e-11 
 2045       3.164741874124e-11 
 2046       3.163666754563e-11 
 2047       3.162445880947e-11 
 2048       3.161077998357e-11 
 2049       3.159561848190e-11 
 2050       3.157896168154e-11 
 2051       3.156079692267e-11 
 2052       3.154111150849e-11 
 2053       3.151989270521e-11 
 2054       3.149712774199e-11 
 2055       3.147280381092e-11 
 2056       3.144690806696e-11 
 2057       3.141942762790e-11 
 2058       3.139034957435e-11 
 2059       3.135966094967e-11 
 2060       3.132734875992e-11 
 2061       3.129339997387e-11 
 2062       3.125780152290e-11 
 2063       3.122054030100e-11 
 2064       3.118160316472e-11 
 2065       3.114098115560e-11 
 2066       3.109868220029e-11 
 2067       3.105471850039e-11 
 2068       3.100910231820e-11 
 2069       3.096184597681e-11 
 2070       3.091296186020e-11 
 2071       3.086246241327e-11 
 2072       3.081036014198e-11 
 2073       3.075666761338e-11 
 2074       3.070139745569e-11 
 2075       3.064456235843e-11 
 2076       3.058617507244e-11 
 2077       3.052624840998e-11 
 2078       3.046479524481e-11 
 2079       3.040182851229e-11 
 2080       3.033736120940e-11 
 2081       3.027140639490e-11 
 2082       3.020397718933e-11 
 2083       3.013508677514e-11 
 2084       3.006474839674e-11 
 2085       2.999297536061e-11 
 2086       2.991978103534e-11 
 2087       2.984517885174e-11 
 2088       2.976918230290e-11 
 2089       2.969180494428e-11 
 2090       2.961306039379e-11 
 2091       2.953296233185e-11 
 2092       2.945152450149e-11 
 2093       2.936876070841e-11 
 2094       2.928468482109e-11 
 2095       2.919931077082e-11 
 2096       2.911265255183e-11 
 2097       2.902472422134e-11 
 2098       2.893553989962e-11 
 2099       2.884511377014e-11 
 2100       2.875346007955e-11 
 2101       2.866059313783e-11 
 2102       2.856652731837e-11 
 2103       2.847127705800e-11 
 2104       2.837485870090e-11 
 2105       2.827729604417e-11 
 2106       2.817861483099e-11 
 2107       2.807884091044e-11 
 2108       2.797800023766e-11 
 2109       2.787611887398e-11 
 2110       2.777322298699e-11 
 2111       2.766933885075e-11 
 2112       2.756449284585e-11 
 2113       2.745871145960e-11 
 2114       2.735202128609e-11 
 2115       2.724444902637e-11 
 2116       2.713602148857e-11 
 2117       2.702676558802e-11 
 2118       2.691670834738e-11 
 2119       2.680587689675e-11 
 2120       2.669429847386e-11 
 2121       2.658200042411e-11 
 2122       2.646901020078e-11 
 2123       2.635535536511e-11 
 2124       2.624106358643e-11 
 2125       2.612616264233e-11 
 2126       2.601068041874e-11 
 2127       2.589464491009e-11 
 2128       2.577808421940e-11 
 2129       2.566102655848e-11 
 2130       2.554350024797e-11 
 2131       2.542553371755e-11 
 2132       2.530715550601e-11 
 2133       2.518839426139e-11 
 2134       2.506927874115e-11 
 2135       2.494983781225e-11 
 2136       2.483010045130e-11 
 2137       2.471009574467e-11 
 2138       2.458985288866e-11 
 2139       2.446940118958e-11 
 2140       2.434877006391e-11 
 2141       2.422798903842e-11 
 2142       2.410708775029e-11 
 2143       2.398609487155e-11 
 2144       2.386503487405e-11 
 2145       2.374393124264e-11 
 2146       2.362280754894e-11 
 2147       2.350168745151e-11 
 2148       2.338059469590e-11 
 2149       2.325955311473e-11 
 2150       2.313858662786e-11 
 2151       2.301771924244e-11 
 2152       2.289697505300e-11 
 2153       2.277637824161e-11 
 2154       2.265595307791e-11 
 2155       2.253572391927e-11 
 2156       2.241571521085e-11 
 2157       2.229595148571e-11 
 2158       2.217645736492e-11 
 2159       2.205725755767e-11 
 2160       2.193837686135e-11 
 2161       2.181984016163e-11 
 2162       2.170167243263e-11 
 2163       2.158389873695e-11 
 2164       2.146654422580e-11 
 2165       2.134963413912e-11 
 2166       2.123319380564e-11 
 2167       2.111724864300e-11 
 2168       2.100182415786e-11 
 2169       2.088694594599e-11 
 2170       2.077263969237e-11 
 2171       2.065893117129e-11 
 2172       2.054584624645e-11 
 2173       2.043341087108e-11 
 2174       2.032165108801e-11 
 2175       2.021059302978e-11 
 2176       2.010026291876e-11 
 2177       1.999068706722e-11 
 2178       1.988189187747e-11 
 2179       1.977390384190e-11 
 2180       1.966674954316e-11 
 2181       1.956045565418e-11 
 2182       1.945504602229e-11 
 2183       1.935053289976e-11 
 2184       1.924692565463e-11 
 2185       1.914423368140e-11 
 2186       1.904246640104e-11 
 2187       1.894163326107e-11 
 2188       1.884174373557e-11 
 2189       1.874280732516e-11 
 2190       1.864483355711e-11 
 2191       1.854783198528e-11 
 2192       1.845181219023e-11 
 2193       1.835678377917e-11 
 2194       1.826275638603e-11 
 2195       1.816973967151e-11 
 2196       1.807774332305e-11 
 2197       1.798677705488e-11 
 2198       1.789685060807e-11 
 2199       1.780797375053e-11 
 2200       1.772015627704e-11 
 2201       1.763340800930e-11 
 2202       1.754773879591e-11 
 2203       1.746315851247e-11 
 2204       1.737967706152e-11 
 2205       1.729730437264e-11 
 2206       1.721605040243e-11 
 2207       1.713592513457e-11 
 2208       1.705693857983e-11 
 2209       1.697910077609e-11 
 2210       1.690242178838e-11 
 2211       1.682691170890e-11 
 2212       1.675258065708e-11 
 2213       1.667943877952e-11 
 2214       1.660749625014e-11 
 2215       1.653676327009e-11 
 2216       1.646725006785e-11 
 2217       1.639896689924e-11 
 2218       1.633192404744e-11 
 2219       1.626613182302e-11 
 2220       1.620160056395e-11 
 2221       1.613833775511e-11 
 2222       1.607633936584e-11 
 2223       1.601559845529e-11 
 2224       1.595610804781e-11 
 2225       1.589786113288e-11 
 2226       1.584085066506e-11 
 2227       1.578506956395e-11 
 2228       1.573051071416e-11 
 2229       1.567716696524e-11 
 2230       1.562503113169e-11 
 2231       1.557409599285e-11 
 2232       1.552435429290e-11 
 2233       1.547579874081e-11 
 2234       1.542842201028e-11 
 2235       1.538221673974e-11 
 2236       1.533717553224e-11 
 2237       1.529329095548e-11 
 2238       1.525055554170e-11 
 2239       1.520896178768e-11 
 2240       1.516850215470e-11 
 2241       1.512916906847e-11 
 2242       1.509095491909e-11 
 2243       1.505385206103e-11 
 2244       1.501785281308e-11 
 2245       1.498294945828e-11 
 2246       1.494913424392e-11 
 2247       1.491639938145e-11 
 2248       1.488473704649e-11 
 2249       1.485413937874e-11 
 2250       1.482459848195e-11 
 2251       1.479610642390e-11 
 2252       1.476865523634e-11 
 2253       1.474223691494e-11 
 2254       1.471684341924e-11 
 2255       1.469246667265e-11 
 2256       1.466909856236e-11 
 2257       1.464673093931e-11 
 2258       1.462535561817e-11 
 2259       1.460496437727e-11 
 2260       1.458554760638e-11 
 2261       1.456709024056e-11 
 2262       1.454957579991e-11 
 2263       1.453298773923e-11 
 2264       1.451730944799e-11 
 2265       1.450252425027e-11 
 2266       1.448861540464e-11 
 2267       1.447556610408e-11 
 2268       1.446335947599e-11 
 2269       1.445197858199e-11 
 2270       1.444140641796e-11 
 2271       1.443162591390e-11 
 2272       1.442261993386e-11 
 2273       1.441437127589e-11 
 2274       1.440686267195e-11 
 2275       1.440007678783e-11 
 2276       1.439399622311e-11 
 2277       1.438860351101e-11 
 2278       1.438388111840e-11 
 2279       1.437981144569e-11 
 2280       1.437637682672e-11 
 2281       1.437355952875e-11 
 2282       1.437134175235e-11 
 2283       1.436970563133e-11 
 2284       1.436863323264e-11 
 2285       1.436810655635e-11 
 2286       1.436810753554e-11 
 2287       1.436861803622e-11 
 2288       1.436961985726e-11 
 2289       1.437109473036e-11 
 2290       1.437302431989e-11 
 2291       1.437539022288e-11 
 2292       1.437817396893e-11 
 2293       1.438135702014e-11 
 2294       1.438492077101e-11 
 2295       1.438884654839e-11 
 2296       1.439311561140e-11 
 2297       1.439770915135e-11 
 2298       1.440260829167e-11 
 2299       1.440779468019e-11 
 2300       1.441325227020e-11 
 2301       1.441896555056e-11 
 2302       1.442491895436e-11 
 2303       1.443109685881e-11 
 2304       1.443748358523e-11 
 2305       1.444406339895e-11 
 2306       1.445082050925e-11 
 2307       1.445773906932e-11 
 2308       1.446480317620e-11 
 2309       1.447199687069e-11 
 2310       1.447930413730e-11 
 2311       1.448670890422e-11 
 2312       1.449419504320e-11 
 2313       1.450174636956e-11 
 2314       1.450934664206e-11 
 2315       1.451697956289e-11 
 2316       1.452462877757e-11 
 2317       1.453227787491e-11 
 2318       1.453991038696e-11 
 2319       1.454750978892e-11 
 2320       1.455505949911e-11 
 2321       1.456254287886e-11 
 2322       1.456994323252e-11 
 2323       1.457724380733e-11 
 2324       1.458442779339e-11 
 2325       1.459147832362e-11 
 2326       1.459837847364e-11 
 2327       1.460511126178e-11 
 2328       1.461165964896e-11 
 2329       1.461800653866e-11 
 2330       1.462413477684e-11 
 2331       1.463002715190e-11 
 2332       1.463566639461e-11 
 2333       1.464103517803e-11 
 2334       1.464611611748e-11 
 2335       1.465089177047e-11 
 2336       1.465534463660e-11 
 2337       1.465945715758e-11 
 2338       1.466321355972e-11 
 2339       1.466660539453e-11 
 2340       1.466962603274e-11 
 2341       1.467226882475e-11 
 2342       1.467452710069e-11 
 2343       1.467639417033e-11 
 2344       1.467786332306e-11 
 2345       1.467892782793e-11 
 2346       1.467958093355e-11 
 2347       1.467981586814e-11 
 2348       1.467962583945e-11 
 2349       1.467900403480e-11 
 2350       1.467794362099e-11 
 2351       1.467643774433e-11 
 2352       1.467447953060e-11 
 2353       1.467206208505e-11 
 2354       1.466917849234e-11 
 2355       1.466582181655e-11 
 2356       1.466198510115e-11 
 2357       1.465766136898e-11 
 2358       1.465284362223e-11 
 2359       1.464752484241e-11 
 2360       1.464169799036e-11 
 2361       1.463535600617e-11 
 2362       1.462849180922e-11 
 2363       1.462109829814e-11 
 2364       1.461316835076e-11 
 2365       1.460469482414e-11 
 2366       1.459567055449e-11 
 2367       1.458608835721e-11 
 2368       1.457594102683e-11 
 2369       1.456522133700e-11 
 2370       1.455392204046e-11 
 2371       1.454203586903e-11 
 2372       1.452955553361e-11 
 2373       1.451647372410e-11 
 2374       1.450278310945e-11 
 2375       1.448847633757e-11 
 2376       1.447354603538e-11 
 2377       1.445798669301e-11 
 2378       1.444180032938e-11 
 2379       1.442499086151e-11 
 2380       1.440756222342e-11 
 2381       1.438951836613e-11 
 2382       1.437086325772e-11 
 2383       1.435160088330e-11 
 2384       1.433173524506e-11 
 2385       1.431127036229e-11 
 2386       1.429021027139e-11 
 2387       1.426855902588e-11 
 2388       1.424632069645e-11 
 2389       1.422349937093e-11 
 2390       1.420009915436e-11 
 2391       1.417612416899e-11 
 2392       1.415157855428e-11 
 2393       1.412646646694e-11 
 2394       1.410079208096e-11 
 2395       1.407455958760e-11 
 2396       1.404777319542e-11 
 2397       1.402043713031e-11 
 2398       1.399255563550e-11 
 2399       1.396413297159e-11 
 2400       1.393517341653e-11 
 2401       1.390568126571e-11 
 2402       1.387566083190e-11 
 2403       1.384511644533e-11 
 2404       1.381405245369e-11 
 2405       1.378247322212e-11 
 2406       1.375038313328e-11 
 2407       1.371778658733e-11 
 2408       1.368468800198e-11 
 2409       1.365109181247e-11 
 2410       1.361700247161e-11 
 2411       1.358242444984e-11 
 2412       1.354736223515e-11 
 2413       1.351182033321e-11 
 2414       1.347580326732e-11 
 2415       1.343931557843e-11 
 2416       1.340236272343e-11 
 2417       1.336495377571e-11 
 2418       1.332709874100e-11 
 2419       1.328880766063e-11 
 2420       1.325009061159e-11 
 2421       1.321095770656e-11 
 2422       1.317141909393e-11 
 2423       1.313148495789e-11 
 2424       1.309116551840e-11 
 2425       1.305047103128e-11 
 2426       1.300941178822e-11 
 2427       1.296799811683e-11 
 2428       1.292624038067e-11 
 2429       1.288414897930e-11 
 2430       1.284173434830e-11 
 2431       1.279900695931e-11 
 2432       1.275597732009e-11 
 2433       1.271265597454e-11 
 2434       1.266905350273e-11 
 2435       1.262518052094e-11 
 2436       1.258104768173e-11 
 2437       1.253666567392e-11 
 2438       1.249204522270e-11 
 2439       1.244719708959e-11 
 2440       1.240213207253e-11 
 2441       1.235686100590e-11 
 2442       1.231139476057e-11 
 2443       1.226574424391e-11 
 2444       1.221992039987e-11 
 2445       1.217393420896e-11 
 2446       1.212779668836e-11 
 2447       1.208151889188e-11 
 2448       1.203511191006e-11 
 2449       1.198858687017e-11 
 2450       1.194195493629e-11 
 2451       1.189522730927e-11 
 2452       1.184841522686e-11 
 2453       1.180152996368e-11 
 2454       1.175458283129e-11 
 2455       1.170758491302e-11 
 2456       1.166054626665e-11 
 2457       1.161347671707e-11 
 2458       1.156638612103e-11 
 2459       1.151928436723e-11 
 2460       1.147218137631e-11 
 2461       1.142508710089e-11 
 2462       1.137801152563e-11 
 2463       1.133096466721e-11 
 2464       1.128395657442e-11 
 2465       1.123699732817e-11 
 2466       1.119009704148e-11 
 2467       1.114326585960e-11 
 2468       1.109651395996e-11 
 2469       1.104985155223e-11 
 2470       1.100328887839e-11 
 2471       1.095683621271e-11 
 2472       1.091050386179e-11 
 2473       1.086430216463e-11 
 2474       1.081824149262e-11 
 2475       1.077233224960e-11 
 2476       1.072658487186e-11 
 2477       1.068100982823e-11 
 2478       1.063561762004e-11 
 2479       1.059041878121e-11 
 2480       1.054542387826e-11 
 2481       1.050064351033e-11 
 2482       1.045608830924e-11 
 2483       1.041176893949e-11 
 2484       1.036769609834e-11 
 2485       1.032388051578e-11 
 2486       1.028033295462e-11 
 2487       1.023706421048e-11 
 2488       1.019408511184e-11 
 2489       1.015140652010e-11 
 2490       1.010903932954e-11 
 2491       1.006699446743e-11 
 2492       1.002528289401e-11 
 2493       9.983915602566e-12 
 2494       9.942897655925e-12 
 2495       9.902210257838e-12 
 2496       9.861828576425e-12 
 2497       9.821727698024e-12 
 2498       9.781882627103e-12 
 2499       9.742268286182e-12 
 2500       9.702859515748e-12 
